#DATA
200.000000	1.096000    
200.500000	1.095431    
201.000000	1.094590    
201.500000	1.094290    
202.000000	1.093523    
202.500000	1.093149    
203.000000	1.092379    
203.500000	1.090571    
204.000000	1.088194    
204.500000	1.086441    
205.000000	1.086088    
205.500000	1.084555    
206.000000	1.084020    
206.500000	1.083010    
207.000000	1.081819    
207.500000	1.081726    
208.000000	1.081486    
208.500000	1.081670    
209.000000	1.081953    
209.500000	1.081160    
210.000000	1.080277    
210.500000	1.078805    
211.000000	1.076759    
211.500000	1.074804    
212.000000	1.074192    
212.500000	1.073044    
213.000000	1.072139    
213.500000	1.070403    
214.000000	1.068155    
214.500000	1.067078    
215.000000	1.065870    
215.500000	1.065091    
216.000000	1.064620    
216.500000	1.063073    
217.000000	1.060737    
217.500000	1.058422    
218.000000	1.055535    
218.500000	1.052909    
219.000000	1.051419    
219.500000	1.050996    
220.000000	1.050808    
220.500000	1.050388    
221.000000	1.050392    
221.500000	1.051709    
222.000000	1.053761    
222.500000	1.056337    
223.000000	1.058519    
223.500000	1.060369    
224.000000	1.060851    
224.500000	1.060909    
225.000000	1.059655    
225.500000	1.057742    
226.000000	1.055167    
226.500000	1.052690    
227.000000	1.049555    
227.500000	1.045261    
228.000000	1.041318    
228.500000	1.037801    
229.000000	1.034955    
229.500000	1.032280    
230.000000	1.029262    
230.500000	1.026764    
231.000000	1.024324    
231.500000	1.022962    
232.000000	1.021251    
232.500000	1.020334    
233.000000	1.020304    
233.500000	1.020757    
234.000000	1.021466    
234.500000	1.021639    
235.000000	1.021651    
235.500000	1.020936    
236.000000	1.021389    
236.500000	1.021529    
237.000000	1.020420    
237.500000	1.018948    
238.000000	1.016973    
238.500000	1.014891    
239.000000	1.011608    
239.500000	1.009434    
240.000000	1.008887    
240.500000	1.009602    
241.000000	1.011995    
241.500000	1.015959    
242.000000	1.019484    
242.500000	1.021862    
243.000000	1.024887    
243.500000	1.027303    
244.000000	1.028454    
244.500000	1.028684    
245.000000	1.027698    
245.500000	1.025959    
246.000000	1.021687    
246.500000	1.016558    
247.000000	1.011982    
247.500000	1.008434    
248.000000	1.006811    
248.500000	1.007237    
249.000000	1.008826    
249.500000	1.011036    
250.000000	1.014394    
250.500000	1.018599    
251.000000	1.022914    
251.500000	1.027787    
252.000000	1.033125    
252.500000	1.038932    
253.000000	1.043760    
253.500000	1.047602    
254.000000	1.050149    
254.500000	1.050744    
255.000000	1.050785    
255.500000	1.050209    
256.000000	1.049301    
256.500000	1.048207    
257.000000	1.046629    
257.500000	1.044714    
258.000000	1.042008    
258.500000	1.039390    
259.000000	1.037811    
259.500000	1.037940    
260.000000	1.039861    
260.500000	1.043342    
261.000000	1.047426    
261.500000	1.050371    
262.000000	1.052796    
262.500000	1.053933    
263.000000	1.054482    
263.500000	1.054470    
264.000000	1.054569    
264.500000	1.054294    
265.000000	1.052680    
265.500000	1.050904    
266.000000	1.050132    
266.500000	1.050515    
267.000000	1.052521    
267.500000	1.057561    
268.000000	1.064953    
268.500000	1.073507    
269.000000	1.082174    
269.500000	1.091324    
270.000000	1.099637    
270.500000	1.107170    
271.000000	1.114466    
271.500000	1.120532    
272.000000	1.124341    
272.500000	1.126530    
273.000000	1.127693    
273.500000	1.127489    
274.000000	1.125779    
274.500000	1.123924    
275.000000	1.122585    
275.500000	1.121974    
276.000000	1.121935    
276.500000	1.123270    
277.000000	1.125096    
277.500000	1.127530    
278.000000	1.130964    
278.500000	1.134053    
279.000000	1.136854    
279.500000	1.139900    
280.000000	1.144741    
280.500000	1.150654    
281.000000	1.156372    
281.500000	1.160765    
282.000000	1.165058    
282.500000	1.170092    
283.000000	1.175461    
283.500000	1.182103    
284.000000	1.189819    
284.500000	1.198274    
285.000000	1.206571    
285.500000	1.215040    
286.000000	1.222743    
286.500000	1.229349    
287.000000	1.236697    
287.500000	1.244919    
288.000000	1.253443    
288.500000	1.260207    
289.000000	1.266638    
289.500000	1.273881    
290.000000	1.281508    
290.500000	1.289750    
291.000000	1.299068    
291.500000	1.308264    
292.000000	1.316418    
292.500000	1.325316    
293.000000	1.333985    
293.500000	1.341103    
294.000000	1.347890    
294.500000	1.354649    
295.000000	1.361609    
295.500000	1.367563    
296.000000	1.372349    
296.500000	1.377894    
297.000000	1.383536    
297.500000	1.390075    
298.000000	1.397416    
298.500000	1.403820    
299.000000	1.409130    
299.500000	1.415138    
300.000000	1.421821    
300.500000	1.428261    
301.000000	1.433367    
301.500000	1.438082    
302.000000	1.442282    
302.500000	1.446578    
303.000000	1.450316    
303.500000	1.454538    
304.000000	1.459758    
304.500000	1.467760    
305.000000	1.477576    
305.500000	1.487366    
306.000000	1.497610    
306.500000	1.508947    
307.000000	1.521139    
307.500000	1.534760    
308.000000	1.547406    
308.500000	1.560481    
309.000000	1.572879    
309.500000	1.585429    
310.000000	1.596784    
310.500000	1.606355    
311.000000	1.616107    
311.500000	1.627658    
312.000000	1.640120    
312.500000	1.653452    
313.000000	1.667231    
313.500000	1.682431    
314.000000	1.697872    
314.500000	1.715490    
315.000000	1.733251    
315.500000	1.753669    
316.000000	1.774740    
316.500000	1.796418    
317.000000	1.817876    
317.500000	1.837109    
318.000000	1.855948    
318.500000	1.875074    
319.000000	1.893354    
319.500000	1.911480    
320.000000	1.928926    
320.500000	1.947220    
321.000000	1.965793    
321.500000	1.985376    
322.000000	2.004604    
322.500000	2.026480    
323.000000	2.050134    
323.500000	2.075657    
324.000000	2.102701    
324.500000	2.129898    
325.000000	2.159461    
325.500000	2.189967    
326.000000	2.220814    
326.500000	2.253530    
327.000000	2.286369    
327.500000	2.320499    
328.000000	2.356184    
328.500000	2.394104    
329.000000	2.430973    
329.500000	2.468231    
330.000000	2.506439    
330.500000	2.545825    
331.000000	2.584342    
331.500000	2.621686    
332.000000	2.660541    
332.500000	2.700086    
333.000000	2.739463    
333.500000	2.783517    
334.000000	2.831078    
334.500000	2.882216    
335.000000	2.937047    
335.500000	2.998813    
336.000000	3.068675    
336.500000	3.153442    
337.000000	3.260672    
337.500000	3.400100    
338.000000	3.575720    
338.500000	3.819031    
339.000000	4.150579    
339.500000	4.614236    
340.000000	5.258198    
340.500000	6.143726    
341.000000	7.365243    
341.500000	9.043468    
342.000000	11.305160   
342.500000	14.249134   
343.000000	18.049041   
343.500000	22.898686   
344.000000	29.052971   
344.500000	36.714711   
345.000000	46.087710   
345.500000	57.372300   
346.000000	70.848212   
346.500000	86.682410   
347.000000	105.177511  
347.500000	126.469811  
348.000000	150.705455  
348.500000	178.125062  
349.000000	208.221667  
349.500000	241.781554  
350.000000	278.849295  
350.500000	319.576657  
351.000000	364.319098  
351.500000	412.989119  
352.000000	465.166571  
352.500000	520.111077  
353.000000	576.983668  
353.500000	634.616924  
354.000000	691.939271  
354.500000	747.638232  
355.000000	800.399169  
355.500000	849.130256  
356.000000	891.714906  
356.500000	928.016821  
357.000000	957.373845  
357.500000	979.664932  
358.000000	995.600200  
358.500000	1006.001186 
359.000000	1011.798293 
359.500000	1013.919920 
360.000000	1013.417602 
360.500000	1011.176956 
361.000000	1008.174702 
361.500000	1005.165022 
362.000000	1002.722328 
362.500000	1001.359122 
363.000000	1000.333671 
363.500000	999.998999  
364.000000	999.998999  
364.500000	999.998999  
365.000000	999.998999  
365.500000	999.998999  
366.000000	999.998999  
366.500000	999.998999  
367.000000	999.998999  
367.500000	999.998999  
368.000000	999.998999  
368.500000	999.998999  
369.000000	999.998999  
369.500000	999.998999  
370.000000	999.998999  
370.500000	999.998999  
371.000000	999.998999  
371.500000	999.998999  
372.000000	999.998999  
372.500000	1000.076622 
373.000000	1000.296579 
373.500000	1001.108467 
374.000000	1002.718162 
374.500000	1005.069524 
375.000000	1007.846178 
375.500000	1011.162272 
376.000000	1013.548408 
376.500000	1014.193745 
377.000000	1012.130552 
377.500000	1006.394646 
378.000000	996.129169  
378.500000	980.447393  
379.000000	958.504696  
379.500000	929.734599  
380.000000	893.747815  
380.500000	851.141893  
381.000000	802.786449  
381.500000	749.715157  
382.000000	693.090613  
382.500000	635.191178  
383.000000	576.477916  
383.500000	518.191528  
384.000000	461.426732  
384.500000	407.157745  
385.000000	356.343139  
385.500000	309.620263  
386.000000	267.260569  
386.500000	229.302761  
387.000000	195.382269  
387.500000	165.473589  
388.000000	139.487527  
388.500000	117.217474  
389.000000	98.379517   
389.500000	83.550635   
390.000000	71.967380   
390.500000	63.282109   
391.000000	57.097265   
391.500000	52.980323   
392.000000	50.651740   
392.500000	49.819061   
393.000000	50.218868   
393.500000	51.647697   
394.000000	53.872741   
394.500000	56.719013   
395.000000	60.059055   
395.500000	63.774590   
396.000000	67.824513   
396.500000	72.120694   
397.000000	76.644268   
397.500000	81.364269   
398.000000	86.287907   
398.500000	91.408333   
399.000000	96.745624   
399.500000	102.285756  
400.000000	108.024060  
400.500000	113.979803  
401.000000	120.162642  
401.500000	126.573751  
402.000000	133.186640  
402.500000	140.009499  
403.000000	147.060943  
403.500000	154.321780  
404.000000	161.772375  
404.500000	169.445631  
405.000000	177.350317  
405.500000	185.467996  
406.000000	193.821529  
406.500000	202.417636  
407.000000	211.216920  
407.500000	220.220541  
408.000000	229.438666  
408.500000	238.862911  
409.000000	248.466602  
409.500000	258.280823  
410.000000	268.274007  
410.500000	278.428846  
411.000000	288.651871  
411.500000	298.957959  
412.000000	309.373543  
412.500000	319.858008  
413.000000	330.398464  
413.500000	341.036866  
414.000000	351.679864  
414.500000	362.287307  
415.000000	372.847527  
415.500000	383.329844  
416.000000	393.715066  
416.500000	404.038616  
417.000000	414.274592  
417.500000	424.391099  
418.000000	434.290906  
418.500000	443.949016  
419.000000	453.414364  
419.500000	462.665061  
420.000000	471.715280  
420.500000	480.649383  
421.000000	489.389518  
421.500000	497.927594  
422.000000	506.273129  
422.500000	514.382987  
423.000000	522.287179  
423.500000	530.015368  
424.000000	537.571838  
424.500000	544.919680  
425.000000	552.043198  
425.500000	558.850335  
426.000000	565.347636  
426.500000	571.524132  
427.000000	577.397229  
427.500000	583.023032  
428.000000	588.346999  
428.500000	593.387775  
429.000000	598.137934  
429.500000	602.614559  
430.000000	606.871878  
430.500000	610.905390  
431.000000	614.731458  
431.500000	618.318644  
432.000000	621.723827  
432.500000	624.876773  
433.000000	627.790868  
433.500000	630.442278  
434.000000	632.851411  
434.500000	635.028317  
435.000000	636.935802  
435.500000	638.605634  
436.000000	639.972208  
436.500000	641.061697  
437.000000	641.922872  
437.500000	642.548492  
438.000000	642.943054  
438.500000	643.082512  
439.000000	643.027532  
439.500000	642.744436  
440.000000	642.217421  
440.500000	641.485410  
441.000000	640.559515  
441.500000	639.427579  
442.000000	638.112568  
442.500000	636.691273  
443.000000	635.076049  
443.500000	633.277252  
444.000000	631.348884  
444.500000	629.278867  
445.000000	627.094752  
445.500000	624.797672  
446.000000	622.387014  
446.500000	619.866920  
447.000000	617.231732  
447.500000	614.501983  
448.000000	611.645351  
448.500000	608.625484  
449.000000	605.480847  
449.500000	602.286510  
450.000000	598.988056  
450.500000	595.565287  
451.000000	592.039417  
451.500000	588.378086  
452.000000	584.576732  
452.500000	580.668421  
453.000000	576.664306  
453.500000	572.589278  
454.000000	568.455514  
454.500000	564.266642  
455.000000	560.010426  
455.500000	555.647014  
456.000000	551.214434  
456.500000	546.792124  
457.000000	542.356547  
457.500000	537.878095  
458.000000	533.374292  
458.500000	528.859131  
459.000000	524.290110  
459.500000	519.696844  
460.000000	515.098884  
460.500000	510.461428  
461.000000	505.855167  
461.500000	501.253439  
462.000000	496.625919  
462.500000	491.964321  
463.000000	487.298256  
463.500000	482.632973  
464.000000	477.962212  
464.500000	473.259200  
465.000000	468.512279  
465.500000	463.739176  
466.000000	458.912899  
466.500000	454.027884  
467.000000	449.126762  
467.500000	444.184863  
468.000000	439.237728  
468.500000	434.274328  
469.000000	429.264631  
469.500000	424.221382  
470.000000	419.191197  
470.500000	414.141164  
471.000000	409.083208  
471.500000	404.011620  
472.000000	398.936285  
472.500000	393.874651  
473.000000	388.857532  
473.500000	383.858293  
474.000000	378.908854  
474.500000	374.004999  
475.000000	369.169696  
475.500000	364.406727  
476.000000	359.680159  
476.500000	354.985637  
477.000000	350.357046  
477.500000	345.746844  
478.000000	341.132516  
478.500000	336.506726  
479.000000	331.875129  
479.500000	327.235912  
480.000000	322.596690  
480.500000	317.941192  
481.000000	313.276912  
481.500000	308.631737  
482.000000	304.033325  
482.500000	299.502613  
483.000000	295.049966  
483.500000	290.678017  
484.000000	286.390987  
484.500000	282.177917  
485.000000	278.036051  
485.500000	273.971202  
486.000000	269.970996  
486.500000	266.029833  
487.000000	262.152763  
487.500000	258.309839  
488.000000	254.493445  
488.500000	250.690765  
489.000000	246.911099  
489.500000	243.178229  
490.000000	239.502474  
490.500000	235.875997  
491.000000	232.301007  
491.500000	228.758091  
492.000000	225.259386  
492.500000	221.833500  
493.000000	218.481054  
493.500000	215.196170  
494.000000	211.993672  
494.500000	208.859684  
495.000000	205.804844  
495.500000	202.805429  
496.000000	199.838804  
496.500000	196.922675  
497.000000	194.067317  
497.500000	191.281481  
498.000000	188.586085  
498.500000	185.932759  
499.000000	183.316293  
499.500000	180.743786  
500.000000	178.220247  
500.500000	175.716289  
501.000000	173.247450  
501.500000	170.826402  
502.000000	168.468438  
502.500000	166.164341  
503.000000	163.905256  
503.500000	161.672325  
504.000000	159.485968  
504.500000	157.363442  
505.000000	155.327275  
505.500000	153.356176  
506.000000	151.458422  
506.500000	149.631119  
507.000000	147.875118  
507.500000	146.175970  
508.000000	144.505033  
508.500000	142.872754  
509.000000	141.280168  
509.500000	139.732240  
510.000000	138.221672  
510.500000	136.714795  
511.000000	135.209241  
511.500000	133.722440  
512.000000	132.262291  
512.500000	130.809503  
513.000000	129.365563  
513.500000	127.932455  
514.000000	126.516758  
514.500000	125.120586  
515.000000	123.729857  
515.500000	122.357311  
516.000000	120.995731  
516.500000	119.655019  
517.000000	118.341522  
517.500000	117.045091  
518.000000	115.770318  
518.500000	114.528119  
519.000000	113.328550  
519.500000	112.162283  
520.000000	111.013986  
520.500000	109.871425  
521.000000	108.733792  
521.500000	107.619756  
522.000000	106.529656  
522.500000	105.452826  
523.000000	104.386138  
523.500000	103.323516  
524.000000	102.261595  
524.500000	101.205100  
525.000000	100.149495  
525.500000	99.096187   
526.000000	98.062104   
526.500000	97.046772   
527.000000	96.044294   
527.500000	95.033612   
528.000000	94.014838   
528.500000	93.005199   
529.000000	92.011754   
529.500000	91.027960   
530.000000	90.060748   
530.500000	89.103785   
531.000000	88.153938   
531.500000	87.206814   
532.000000	86.268780   
532.500000	85.342674   
533.000000	84.441631   
533.500000	83.562733   
534.000000	82.707357   
534.500000	81.852957   
535.000000	80.994087   
535.500000	80.139872   
536.000000	79.295122   
536.500000	78.441338   
537.000000	77.586940   
537.500000	76.736600   
538.000000	75.882063   
538.500000	75.021198   
539.000000	74.157513   
539.500000	73.291443   
540.000000	72.432626   
540.500000	71.584100   
541.000000	70.756142   
541.500000	69.949142   
542.000000	69.165330   
542.500000	68.402332   
543.000000	67.661879   
543.500000	66.930496   
544.000000	66.202119   
544.500000	65.489021   
545.000000	64.788942   
545.500000	64.095074   
546.000000	63.399110   
546.500000	62.688777   
547.000000	61.966207   
547.500000	61.235897   
548.000000	60.499675   
548.500000	59.765155   
549.000000	59.036468   
549.500000	58.313331   
550.000000	57.605950   
550.500000	56.914763   
551.000000	56.223482   
551.500000	55.538756   
552.000000	54.869379   
552.500000	54.221807   
553.000000	53.596074   
553.500000	52.982223   
554.000000	52.374935   
554.500000	51.778384   
555.000000	51.193080   
555.500000	50.618955   
556.000000	50.059030   
556.500000	49.506598   
557.000000	48.966050   
557.500000	48.444311   
558.000000	47.929488   
558.500000	47.414346   
559.000000	46.903928   
559.500000	46.402585   
560.000000	45.902443   
560.500000	45.400034   
561.000000	44.892712   
561.500000	44.385343   
562.000000	43.886567   
562.500000	43.387048   
563.000000	42.894525   
563.500000	42.403798   
564.000000	41.921805   
564.500000	41.455953   
565.000000	41.016614   
565.500000	40.594522   
566.000000	40.189479   
566.500000	39.800578   
567.000000	39.417398   
567.500000	39.041027   
568.000000	38.658983   
568.500000	38.272305   
569.000000	37.890113   
569.500000	37.507088   
570.000000	37.122994   
570.500000	36.734545   
571.000000	36.338367   
571.500000	35.931271   
572.000000	35.526674   
572.500000	35.121954   
573.000000	34.725047   
573.500000	34.336435   
574.000000	33.955410   
574.500000	33.584873   
575.000000	33.215462   
575.500000	32.848489   
576.000000	32.492028   
576.500000	32.149848   
577.000000	31.815776   
577.500000	31.494319   
578.000000	31.179769   
578.500000	30.868289   
579.000000	30.560932   
579.500000	30.253557   
580.000000	29.952229   
580.500000	29.654946   
581.000000	29.360065   
581.500000	29.062269   
582.000000	28.757427   
582.500000	28.444771   
583.000000	28.126486   
583.500000	27.812866   
584.000000	27.496186   
584.500000	27.187525   
585.000000	26.887212   
585.500000	26.595283   
586.000000	26.310172   
586.500000	26.026526   
587.000000	25.750769   
587.500000	25.488308   
588.000000	25.237458   
588.500000	24.984158   
589.000000	24.733618   
589.500000	24.480401   
590.000000	24.223856   
590.500000	23.969609   
591.000000	23.709115   
591.500000	23.449363   
592.000000	23.195275   
592.500000	22.941818   
593.000000	22.687661   
593.500000	22.431133   
594.000000	22.173908   
594.500000	21.924214   
595.000000	21.682394   
595.500000	21.439565   
596.000000	21.204131   
596.500000	20.970993   
597.000000	20.738620   
597.500000	20.509746   
598.000000	20.278041   
598.500000	20.045775   
599.000000	19.822428   
599.500000	19.603951   
600.000000	19.387576   
600.500000	19.171208   
601.000000	18.952847   
601.500000	18.734854   
602.000000	18.518734   
602.500000	18.300469   
603.000000	18.085132   
603.500000	17.869097   
604.000000	17.655719   
604.500000	17.448172   
605.000000	17.240043   
605.500000	17.031502   
606.000000	16.830678   
606.500000	16.633163   
607.000000	16.439032   
607.500000	16.247732   
608.000000	16.058101   
608.500000	15.871003   
609.000000	15.687436   
609.500000	15.506875   
610.000000	15.331180   
610.500000	15.157311   
611.000000	14.983857   
611.500000	14.815940   
612.000000	14.648294   
612.500000	14.481079   
613.000000	14.316913   
613.500000	14.151859   
614.000000	13.985330   
614.500000	13.819961   
615.000000	13.652821   
615.500000	13.483581   
616.000000	13.315810   
616.500000	13.147957   
617.000000	12.980728   
617.500000	12.817211   
618.000000	12.656010   
618.500000	12.499980   
619.000000	12.345292   
619.500000	12.194833   
620.000000	12.051716   
620.500000	11.910149   
621.000000	11.766422   
621.500000	11.626838   
622.000000	11.489506   
622.500000	11.352722   
623.000000	11.219783   
623.500000	11.088516   
624.000000	10.958730   
624.500000	10.833814   
625.000000	10.714284   
625.500000	10.597186   
626.000000	10.479996   
626.500000	10.364166   
627.000000	10.253033   
627.500000	10.141908   
628.000000	10.028363   
628.500000	9.916054    
629.000000	9.805197    
629.500000	9.692906    
630.000000	9.581745    
630.500000	9.471300    
631.000000	9.361987    
631.500000	9.256640    
632.000000	9.157314    
632.500000	9.058715    
633.000000	8.960119    
633.500000	8.861549    
634.000000	8.766803    
634.500000	8.672343    
635.000000	8.577810    
635.500000	8.482246    
636.000000	8.386879    
636.500000	8.291894    
637.000000	8.196757    
637.500000	8.100116    
638.000000	8.005113    
638.500000	7.913140    
639.000000	7.828635    
639.500000	7.747490    
640.000000	7.671864    
640.500000	7.598607    
641.000000	7.530687    
641.500000	7.466467    
642.000000	7.403652    
642.500000	7.342135    
643.000000	7.280970    
643.500000	7.220473    
644.000000	7.160520    
644.500000	7.097998    
645.000000	7.033616    
645.500000	6.966038    
646.000000	6.899482    
646.500000	6.833431    
647.000000	6.770117    
647.500000	6.707687    
648.000000	6.648684    
648.500000	6.593498    
649.000000	6.538817    
649.500000	6.484811    
650.000000	6.431567    
650.500000	6.379682    
651.000000	6.328116    
651.500000	6.274614    
652.000000	6.221414    
652.500000	6.165853    
653.000000	6.111090    
653.500000	6.056455    
654.000000	6.003359    
654.500000	5.951048    
655.000000	5.899990    
655.500000	5.851805    
656.000000	5.806090    
656.500000	5.761877    
657.000000	5.718577    
657.500000	5.676225    
658.000000	5.634013    
658.500000	5.589902    
659.000000	5.545463    
659.500000	5.500724    
660.000000	5.457973    
660.500000	5.416543    
661.000000	5.375824    
661.500000	5.336358    
662.000000	5.296151    
662.500000	5.257405    
663.000000	5.219627    
663.500000	5.181717    
664.000000	5.143167    
664.500000	5.104453    
665.000000	5.064982    
665.500000	5.022536    
666.000000	4.978907    
666.500000	4.933442    
667.000000	4.889610    
667.500000	4.848866    
668.000000	4.810128    
668.500000	4.775483    
669.000000	4.743148    
669.500000	4.713429    
670.000000	4.685929    
670.500000	4.659674    
671.000000	4.634447    
671.500000	4.608524    
672.000000	4.581254    
672.500000	4.552605    
673.000000	4.523333    
673.500000	4.492049    
674.000000	4.459220    
674.500000	4.427284    
675.000000	4.395088    
675.500000	4.365036    
676.000000	4.336986    
676.500000	4.311039    
677.000000	4.288111    
677.500000	4.266086    
678.000000	4.246691    
678.500000	4.228204    
679.000000	4.209579    
679.500000	4.191685    
680.000000	4.175754    
680.500000	4.161333    
681.000000	4.147440    
681.500000	4.134017    
682.000000	4.120916    
682.500000	4.107231    
683.000000	4.092960    
683.500000	4.077405    
684.000000	4.062243    
684.500000	4.046866    
685.000000	4.032176    
685.500000	4.016715    
686.000000	4.000481    
686.500000	3.985837    
687.000000	3.972729    
687.500000	3.963025    
688.000000	3.958739    
688.500000	3.959683    
689.000000	3.966466    
689.500000	3.978708    
690.000000	3.996953    
690.500000	4.021866    
691.000000	4.054814    
691.500000	4.097610    
692.000000	4.152145    
692.500000	4.218826    
693.000000	4.298945    
693.500000	4.395905    
694.000000	4.513285    
694.500000	4.655012    
695.000000	4.822010    
695.500000	5.019341    
696.000000	5.252544    
696.500000	5.525754    
697.000000	5.835785    
697.500000	6.192298    
698.000000	6.603144    
698.500000	7.068126    
699.000000	7.599806    
699.500000	8.206715    
700.000000	8.897037    
700.500000	9.685647    
701.000000	10.587486   
701.500000	11.614010   
702.000000	12.787755   
702.500000	14.138748   
703.000000	15.680088   
703.500000	17.449058   
704.000000	19.464090   
704.500000	21.758056   
705.000000	24.341295   
705.500000	27.237559   
706.000000	30.485789   
706.500000	34.109601   
707.000000	38.157579   
707.500000	42.648701   
708.000000	47.605460   
708.500000	53.062104   
709.000000	59.068391   
709.500000	65.673719   
710.000000	72.902949   
710.500000	80.816004   
711.000000	89.450278   
711.500000	98.876427   
712.000000	109.120949  
712.500000	120.174222  
713.000000	132.061284  
713.500000	144.794936  
714.000000	158.347227  
714.500000	172.763577  
715.000000	188.002248  
715.500000	204.056340  
716.000000	220.930608  
716.500000	238.636971  
717.000000	257.153545  
717.500000	276.471169  
718.000000	296.588032  
718.500000	317.453375  
719.000000	339.039842  
719.500000	361.168637  
720.000000	383.806650  
720.500000	406.876780  
721.000000	430.211997  
721.500000	453.758454  
722.000000	477.308673  
722.500000	500.771157  
723.000000	524.057324  
723.500000	547.062136  
724.000000	569.790494  
724.500000	592.085412  
725.000000	613.995890  
725.500000	635.430877  
726.000000	656.328406  
726.500000	676.535106  
727.000000	696.035265  
727.500000	714.824514  
728.000000	732.871853  
728.500000	750.102974  
729.000000	766.403050  
729.500000	781.731985  
730.000000	795.972013  
730.500000	809.081330  
731.000000	821.141804  
731.500000	832.033563  
732.000000	841.879872  
732.500000	850.675031  
733.000000	858.424710  
733.500000	864.982370  
734.000000	870.381620  
734.500000	874.646668  
735.000000	877.995252  
735.500000	880.369434  
736.000000	881.719182  
736.500000	882.056961  
737.000000	881.353264  
737.500000	879.622681  
738.000000	876.991821  
738.500000	873.406047  
739.000000	868.960122  
739.500000	863.614898  
740.000000	857.435461  
740.500000	850.270607  
741.000000	842.124093  
741.500000	832.945998  
742.000000	822.947756  
742.500000	812.130123  
743.000000	800.408222  
743.500000	787.724144  
744.000000	774.063179  
744.500000	759.391880  
745.000000	743.777276  
745.500000	727.276000  
746.000000	709.866838  
746.500000	691.494498  
747.000000	672.300801  
747.500000	652.175049  
748.000000	631.197316  
748.500000	609.340574  
749.000000	586.812514  
749.500000	563.808555  
750.000000	540.333423  
750.500000	516.425077  
751.000000	492.291411  
751.500000	467.929719  
752.000000	443.569753  
752.500000	419.362061  
753.000000	395.372256  
753.500000	371.672291  
754.000000	348.373706  
754.500000	325.506557  
755.000000	303.190088  
755.500000	281.408557  
756.000000	260.257184  
756.500000	239.857498  
757.000000	220.206535  
757.500000	201.341557  
758.000000	183.405408  
758.500000	166.337751  
759.000000	150.272687  
759.500000	135.266355  
760.000000	121.267964  
760.500000	108.303445  
761.000000	96.338054   
761.500000	85.336314   
762.000000	75.300526   
762.500000	66.150011   
763.000000	57.852484   
763.500000	50.373002   
764.000000	43.626961   
764.500000	37.562463   
765.000000	32.186997   
765.500000	27.408441   
766.000000	23.240860   
766.500000	19.627413   
767.000000	16.530516   
767.500000	13.920445   
768.000000	11.737761   
768.500000	9.937200    
769.000000	8.487500    
769.500000	7.339228    
770.000000	6.442047    
770.500000	5.766051    
771.000000	5.269932    
771.500000	4.918256    
772.000000	4.686312    
772.500000	4.540891    
773.000000	4.460401    
773.500000	4.426858    
774.000000	4.429488    
774.500000	4.460183    
775.000000	4.503347    
775.500000	4.556970    
776.000000	4.618472    
776.500000	4.679398    
777.000000	4.737062    
777.500000	4.793631    
778.000000	4.850836    
778.500000	4.909334    
779.000000	4.970544    
779.500000	5.036157    
780.000000	5.105978    
780.500000	5.175465    
781.000000	5.249944    
781.500000	5.330604    
782.000000	5.417943    
782.500000	5.510703    
783.000000	5.609695    
783.500000	5.711091    
784.000000	5.812492    
784.500000	5.914409    
785.000000	6.017803    
785.500000	6.123984    
786.000000	6.230441    
786.500000	6.339789    
787.000000	6.453264    
787.500000	6.565832    
788.000000	6.681222    
788.500000	6.799795    
789.000000	6.924238    
789.500000	7.055063    
790.000000	7.194250    
790.500000	7.342988    
791.000000	7.495706    
791.500000	7.654139    
792.000000	7.818607    
792.500000	7.990544    
793.000000	8.169032    
793.500000	8.352702    
794.000000	8.541278    
794.500000	8.733996    
795.000000	8.930323    
795.500000	9.130429    
796.000000	9.333757    
796.500000	9.540612    
797.000000	9.753644    
797.500000	9.975587    
798.000000	10.202031   
798.500000	10.431635   
799.000000	10.666280   
799.500000	10.908159   
800.000000	11.160361   
800.500000	11.419769   
801.000000	11.678288   
801.500000	11.940450   
802.000000	12.203050   
802.500000	12.471351   
803.000000	12.743080   
803.500000	13.016185   
804.000000	13.291929   
804.500000	13.575131   
805.000000	13.863647   
805.500000	14.156418   
806.000000	14.449874   
806.500000	14.743229   
807.000000	15.043633   
807.500000	15.349791   
808.000000	15.655124   
808.500000	15.959936   
809.000000	16.260248   
809.500000	16.564962   
810.000000	16.872886   
810.500000	17.180620   
811.000000	17.490748   
811.500000	17.809579   
812.000000	18.137005   
812.500000	18.473280   
813.000000	18.815585   
813.500000	19.158776   
814.000000	19.505126   
814.500000	19.856965   
815.000000	20.213754   
815.500000	20.570732   
816.000000	20.924250   
816.500000	21.277896   
817.000000	21.630673   
817.500000	21.980004   
818.000000	22.325097   
818.500000	22.671367   
819.000000	23.017429   
819.500000	23.370239   
820.000000	23.729887   
820.500000	24.090179   
821.000000	24.450036   
821.500000	24.807553   
822.000000	25.168091   
822.500000	25.528231   
823.000000	25.885691   
823.500000	26.240008   
824.000000	26.589163   
824.500000	26.930871   
825.000000	27.266165   
825.500000	27.595248   
826.000000	27.917753   
826.500000	28.235863   
827.000000	28.554480   
827.500000	28.871541   
828.000000	29.185277   
828.500000	29.499698   
829.000000	29.813915   
829.500000	30.128513   
830.000000	30.441600   
830.500000	30.755443   
831.000000	31.067730   
831.500000	31.373655   
832.000000	31.675966   
832.500000	31.977599   
833.000000	32.277107   
833.500000	32.571155   
834.000000	32.857946   
834.500000	33.137671   
835.000000	33.413961   
835.500000	33.692317   
836.000000	33.967896   
836.500000	34.241234   
837.000000	34.510078   
837.500000	34.775633   
838.000000	35.034407   
838.500000	35.282326   
839.000000	35.521043   
839.500000	35.755835   
840.000000	35.988742   
840.500000	36.214542   
841.000000	36.426897   
841.500000	36.625392   
842.000000	36.818948   
842.500000	37.007966   
843.000000	37.184230   
843.500000	37.348652   
844.000000	37.508492   
844.500000	37.664607   
845.000000	37.813272   
845.500000	37.956070   
846.000000	38.093367   
846.500000	38.225811   
847.000000	38.358149   
847.500000	38.488313   
848.000000	38.608407   
848.500000	38.716537   
849.000000	38.827101   
849.500000	38.932985   
850.000000	39.025136   
850.500000	39.101686   
851.000000	39.170795   
851.500000	39.235934   
852.000000	39.287194   
852.500000	39.332691   
853.000000	39.378422   
853.500000	39.423123   
854.000000	39.468324   
854.500000	39.515013   
855.000000	39.559394   
855.500000	39.602613   
856.000000	39.650318   
856.500000	39.698754   
857.000000	39.737817   
857.500000	39.762901   
858.000000	39.774563   
858.500000	39.777334   
859.000000	39.760008   
859.500000	39.728534   
860.000000	39.691857   
860.500000	39.646242   
861.000000	39.594054   
861.500000	39.538147   
862.000000	39.473533   
862.500000	39.404567   
863.000000	39.334084   
863.500000	39.264807   
864.000000	39.192253   
864.500000	39.119962   
865.000000	39.040959   
865.500000	38.960929   
866.000000	38.861431   
866.500000	38.753220   
867.000000	38.643496   
867.500000	38.530618   
868.000000	38.417221   
868.500000	38.302007   
869.000000	38.176182   
869.500000	38.045342   
870.000000	37.911925   
870.500000	37.781094   
871.000000	37.651635   
871.500000	37.528274   
872.000000	37.401712   
872.500000	37.273954   
873.000000	37.127122   
873.500000	36.970205   
874.000000	36.811385   
874.500000	36.648240   
875.000000	36.488992   
875.500000	36.330609   
876.000000	36.168547   
876.500000	35.998473   
877.000000	35.820356   
877.500000	35.636986   
878.000000	35.449214   
878.500000	35.264894   
879.000000	35.078060   
879.500000	34.890377   
880.000000	34.691087   
880.500000	34.481028   
881.000000	34.264847   
881.500000	34.042953   
882.000000	33.817188   
882.500000	33.590147   
883.000000	33.364938   
883.500000	33.137533   
884.000000	32.904138   
884.500000	32.667113   
885.000000	32.427110   
885.500000	32.188619   
886.000000	31.953604   
886.500000	31.723252   
887.000000	31.496994   
887.500000	31.268304   
888.000000	31.040445   
888.500000	30.811156   
889.000000	30.577790   
889.500000	30.343068   
890.000000	30.113326   
890.500000	29.884030   
891.000000	29.651636   
891.500000	29.417503   
892.000000	29.178195   
892.500000	28.934622   
893.000000	28.688982   
893.500000	28.445652   
894.000000	28.207463   
894.500000	27.970388   
895.000000	27.738571   
895.500000	27.510837   
896.000000	27.288312   
896.500000	27.071992   
897.000000	26.862413   
897.500000	26.658247   
898.000000	26.456210   
898.500000	26.259852   
899.000000	26.064328   
899.500000	25.868793   
900.000000	25.670000   

