#DATA
200.000000	0.829000    
200.500000	0.821744    
201.000000	0.816451    
201.500000	0.812632    
202.000000	0.808859    
202.500000	0.805657    
203.000000	0.802601    
203.500000	0.800391    
204.000000	0.798841    
204.500000	0.797859    
205.000000	0.797914    
205.500000	0.798681    
206.000000	0.798645    
206.500000	0.798494    
207.000000	0.797214    
207.500000	0.795037    
208.000000	0.793908    
208.500000	0.794649    
209.000000	0.794660    
209.500000	0.794236    
210.000000	0.793415    
210.500000	0.791860    
211.000000	0.789588    
211.500000	0.788371    
212.000000	0.787152    
212.500000	0.787294    
213.000000	0.786339    
213.500000	0.785219    
214.000000	0.783845    
214.500000	0.782184    
215.000000	0.779965    
215.500000	0.778703    
216.000000	0.777402    
216.500000	0.775788    
217.000000	0.774078    
217.500000	0.770846    
218.000000	0.765836    
218.500000	0.760895    
219.000000	0.754137    
219.500000	0.748884    
220.000000	0.743646    
220.500000	0.739303    
221.000000	0.735953    
221.500000	0.734566    
222.000000	0.733574    
222.500000	0.733897    
223.000000	0.734933    
223.500000	0.736594    
224.000000	0.739883    
224.500000	0.742950    
225.000000	0.744813    
225.500000	0.746799    
226.000000	0.747115    
226.500000	0.746595    
227.000000	0.745986    
227.500000	0.745405    
228.000000	0.743431    
228.500000	0.741131    
229.000000	0.739053    
229.500000	0.738108    
230.000000	0.737448    
230.500000	0.736874    
231.000000	0.737188    
231.500000	0.737125    
232.000000	0.736319    
232.500000	0.735766    
233.000000	0.734644    
233.500000	0.731572    
234.000000	0.728260    
234.500000	0.725607    
235.000000	0.722429    
235.500000	0.718678    
236.000000	0.715293    
236.500000	0.713366    
237.000000	0.712730    
237.500000	0.714013    
238.000000	0.716855    
238.500000	0.719993    
239.000000	0.722437    
239.500000	0.726104    
240.000000	0.731285    
240.500000	0.735136    
241.000000	0.739130    
241.500000	0.742808    
242.000000	0.745678    
242.500000	0.747917    
243.000000	0.749253    
243.500000	0.749090    
244.000000	0.748298    
244.500000	0.748835    
245.000000	0.749735    
245.500000	0.750649    
246.000000	0.750240    
246.500000	0.749577    
247.000000	0.749758    
247.500000	0.750102    
248.000000	0.750700    
248.500000	0.750446    
249.000000	0.749378    
249.500000	0.748671    
250.000000	0.748647    
250.500000	0.747399    
251.000000	0.745247    
251.500000	0.743415    
252.000000	0.741926    
252.500000	0.741364    
253.000000	0.741253    
253.500000	0.740552    
254.000000	0.740077    
254.500000	0.740318    
255.000000	0.741294    
255.500000	0.742171    
256.000000	0.743025    
256.500000	0.743998    
257.000000	0.746645    
257.500000	0.748426    
258.000000	0.749157    
258.500000	0.748826    
259.000000	0.748387    
259.500000	0.748205    
260.000000	0.749157    
260.500000	0.750000    
261.000000	0.750708    
261.500000	0.752537    
262.000000	0.754948    
262.500000	0.757425    
263.000000	0.759628    
263.500000	0.761869    
264.000000	0.764943    
264.500000	0.766634    
265.000000	0.767372    
265.500000	0.766959    
266.000000	0.765858    
266.500000	0.763878    
267.000000	0.762539    
267.500000	0.762042    
268.000000	0.761918    
268.500000	0.763108    
269.000000	0.765071    
269.500000	0.767990    
270.000000	0.771332    
270.500000	0.776196    
271.000000	0.782427    
271.500000	0.788460    
272.000000	0.794126    
272.500000	0.799088    
273.000000	0.802946    
273.500000	0.805670    
274.000000	0.807596    
274.500000	0.809374    
275.000000	0.810405    
275.500000	0.811334    
276.000000	0.811995    
276.500000	0.813394    
277.000000	0.815488    
277.500000	0.818894    
278.000000	0.823440    
278.500000	0.829171    
279.000000	0.836193    
279.500000	0.843762    
280.000000	0.851178    
280.500000	0.858548    
281.000000	0.865514    
281.500000	0.872369    
282.000000	0.878590    
282.500000	0.883873    
283.000000	0.887979    
283.500000	0.890810    
284.000000	0.892643    
284.500000	0.893644    
285.000000	0.894327    
285.500000	0.895713    
286.000000	0.898389    
286.500000	0.901730    
287.000000	0.905078    
287.500000	0.909894    
288.000000	0.915931    
288.500000	0.923044    
289.000000	0.931166    
289.500000	0.940084    
290.000000	0.949552    
290.500000	0.959232    
291.000000	0.968709    
291.500000	0.977273    
292.000000	0.985011    
292.500000	0.992436    
293.000000	1.000243    
293.500000	1.007227    
294.000000	1.011776    
294.500000	1.016422    
295.000000	1.020558    
295.500000	1.023949    
296.000000	1.026821    
296.500000	1.030118    
297.000000	1.034255    
297.500000	1.039162    
298.000000	1.044640    
298.500000	1.050075    
299.000000	1.055117    
299.500000	1.060079    
300.000000	1.066035    
300.500000	1.072171    
301.000000	1.076590    
301.500000	1.081589    
302.000000	1.086666    
302.500000	1.091709    
303.000000	1.096470    
303.500000	1.101591    
304.000000	1.107553    
304.500000	1.114792    
305.000000	1.124338    
305.500000	1.135613    
306.000000	1.147341    
306.500000	1.158946    
307.000000	1.171190    
307.500000	1.183082    
308.000000	1.193319    
308.500000	1.203341    
309.000000	1.212843    
309.500000	1.222214    
310.000000	1.230954    
310.500000	1.238983    
311.000000	1.246609    
311.500000	1.254753    
312.000000	1.264194    
312.500000	1.275098    
313.000000	1.287506    
313.500000	1.301139    
314.000000	1.315953    
314.500000	1.330888    
315.000000	1.345368    
315.500000	1.359810    
316.000000	1.374249    
316.500000	1.388281    
317.000000	1.403187    
317.500000	1.417699    
318.000000	1.431871    
318.500000	1.447528    
319.000000	1.463771    
319.500000	1.480826    
320.000000	1.499160    
320.500000	1.519082    
321.000000	1.540930    
321.500000	1.562647    
322.000000	1.584040    
322.500000	1.605605    
323.000000	1.627917    
323.500000	1.649335    
324.000000	1.672024    
324.500000	1.695784    
325.000000	1.719964    
325.500000	1.746890    
326.000000	1.775528    
326.500000	1.804647    
327.000000	1.835429    
327.500000	1.868736    
328.000000	1.904732    
328.500000	1.941726    
329.000000	1.978568    
329.500000	2.015591    
330.000000	2.052528    
330.500000	2.086631    
331.000000	2.119280    
331.500000	2.151268    
332.000000	2.181982    
332.500000	2.212876    
333.000000	2.244829    
333.500000	2.276510    
334.000000	2.311019    
334.500000	2.352695    
335.000000	2.404026    
335.500000	2.464114    
336.000000	2.537851    
336.500000	2.629198    
337.000000	2.748314    
337.500000	2.899401    
338.000000	3.089607    
338.500000	3.350772    
339.000000	3.704405    
339.500000	4.201950    
340.000000	4.879303    
340.500000	5.799613    
341.000000	7.059577    
341.500000	8.771728    
342.000000	11.049317   
342.500000	13.991196   
343.000000	17.787581   
343.500000	22.595632   
344.000000	28.663610   
344.500000	36.169816   
345.000000	45.313574   
345.500000	56.283659   
346.000000	69.331203   
346.500000	84.644649   
347.000000	102.477613  
347.500000	122.922292  
348.000000	146.179697  
348.500000	172.435935  
349.000000	201.744553  
349.500000	234.092738  
350.000000	269.513599  
350.500000	308.012664  
351.000000	349.900920  
351.500000	395.332353  
352.000000	444.136252  
352.500000	495.803825  
353.000000	549.679636  
353.500000	604.825748  
354.000000	660.297254  
354.500000	714.853621  
355.000000	767.359220  
355.500000	816.730434  
356.000000	861.830481  
356.500000	901.605838  
357.000000	935.204476  
357.500000	962.051418  
358.000000	982.355126  
358.500000	996.776134  
359.000000	1006.122162 
359.500000	1011.230111 
360.000000	1013.060965 
360.500000	1012.486673 
361.000000	1010.466262 
361.500000	1007.713562 
362.000000	1004.896617 
362.500000	1002.559136 
363.000000	1000.974195 
363.500000	1000.194253 
364.000000	999.998999  
364.500000	999.998999  
365.000000	999.998999  
365.500000	999.998999  
366.000000	999.998999  
366.500000	999.998999  
367.000000	999.998999  
367.500000	999.998999  
368.000000	999.998999  
368.500000	999.998999  
369.000000	999.998999  
369.500000	999.998999  
370.000000	999.998999  
370.500000	999.998999  
371.000000	999.998999  
371.500000	999.998999  
372.000000	999.998999  
372.500000	1000.303934 
373.000000	1001.275399 
373.500000	1003.062181 
374.000000	1005.544237 
374.500000	1008.365686 
375.000000	1011.532551 
375.500000	1013.595501 
376.000000	1013.740369 
376.500000	1011.161337 
377.000000	1004.901247 
377.500000	994.082725  
378.000000	977.850297  
378.500000	955.420280  
379.000000	926.125810  
379.500000	890.016106  
380.000000	847.672947  
380.500000	799.943130  
381.000000	747.799354  
381.500000	692.317909  
382.000000	635.601885  
382.500000	577.966037  
383.000000	520.505494  
383.500000	464.360415  
384.000000	410.430522  
384.500000	359.519129  
385.000000	312.188447  
385.500000	268.683539  
386.000000	228.872770  
386.500000	192.732916  
387.000000	160.306410  
387.500000	131.598794  
388.000000	106.492142  
388.500000	84.768362   
389.000000	67.053047   
389.500000	52.561927   
390.000000	40.940860   
390.500000	31.879402   
391.000000	24.989663   
391.500000	19.929788   
392.000000	16.386813   
392.500000	14.061188   
393.000000	12.680101   
393.500000	12.033312   
394.000000	11.928028   
394.500000	12.210045   
395.000000	12.743016   
395.500000	13.418498   
396.000000	14.200930   
396.500000	15.027008   
397.000000	15.873671   
397.500000	16.708974   
398.000000	17.541137   
398.500000	18.366558   
399.000000	19.198213   
399.500000	20.038488   
400.000000	20.896357   
400.500000	21.775869   
401.000000	22.682828   
401.500000	23.623879   
402.000000	24.603837   
402.500000	25.625690   
403.000000	26.682976   
403.500000	27.779773   
404.000000	28.914445   
404.500000	30.082209   
405.000000	31.286237   
405.500000	32.522238   
406.000000	33.789719   
406.500000	35.086582   
407.000000	36.415427   
407.500000	37.771608   
408.000000	39.154251   
408.500000	40.571556   
409.000000	42.030080   
409.500000	43.526707   
410.000000	45.053646   
410.500000	46.611027   
411.000000	48.193335   
411.500000	49.808661   
412.000000	51.451561   
412.500000	53.114147   
413.000000	54.785403   
413.500000	56.451807   
414.000000	58.122197   
414.500000	59.778442   
415.000000	61.403582   
415.500000	63.017397   
416.000000	64.625013   
416.500000	66.214742   
417.000000	67.787965   
417.500000	69.337035   
418.000000	70.851800   
418.500000	72.345492   
419.000000	73.815058   
419.500000	75.250546   
420.000000	76.660691   
420.500000	78.039858   
421.000000	79.403351   
421.500000	80.734500   
422.000000	82.011543   
422.500000	83.253709   
423.000000	84.475600   
423.500000	85.665279   
424.000000	86.837130   
424.500000	87.990156   
425.000000	89.101149   
425.500000	90.181924   
426.000000	91.230525   
426.500000	92.222386   
427.000000	93.173271   
427.500000	94.080673   
428.000000	94.945755   
428.500000	95.754325   
429.000000	96.496325   
429.500000	97.183681   
430.000000	97.822975   
430.500000	98.406865   
431.000000	98.930973   
431.500000	99.416194   
432.000000	99.852527   
432.500000	100.240999  
433.000000	100.601059  
433.500000	100.905911  
434.000000	101.163955  
434.500000	101.386008  
435.000000	101.572087  
435.500000	101.709854  
436.000000	101.798671  
436.500000	101.847043  
437.000000	101.859246  
437.500000	101.846363  
438.000000	101.782576  
438.500000	101.689652  
439.000000	101.549869  
439.500000	101.362080  
440.000000	101.157276  
440.500000	100.929983  
441.000000	100.669819  
441.500000	100.380578  
442.000000	100.059677  
442.500000	99.702837   
443.000000	99.313541   
443.500000	98.901018   
444.000000	98.464744   
444.500000	98.025865   
445.000000	97.558495   
445.500000	97.076841   
446.000000	96.558815   
446.500000	96.002277   
447.000000	95.427707   
447.500000	94.843227   
448.000000	94.235041   
448.500000	93.599740   
449.000000	92.936006   
449.500000	92.247433   
450.000000	91.545924   
450.500000	90.830202   
451.000000	90.105144   
451.500000	89.389549   
452.000000	88.670329   
452.500000	87.965604   
453.000000	87.245207   
453.500000	86.510234   
454.000000	85.760198   
454.500000	85.006739   
455.000000	84.251550   
455.500000	83.492926   
456.000000	82.727335   
456.500000	81.946330   
457.000000	81.160593   
457.500000	80.356189   
458.000000	79.556909   
458.500000	78.768854   
459.000000	77.985531   
459.500000	77.213437   
460.000000	76.444077   
460.500000	75.679990   
461.000000	74.902574   
461.500000	74.113791   
462.000000	73.325281   
462.500000	72.528088   
463.000000	71.734444   
463.500000	70.933950   
464.000000	70.136646   
464.500000	69.332109   
465.000000	68.540067   
465.500000	67.758108   
466.000000	66.987192   
466.500000	66.223935   
467.000000	65.463990   
467.500000	64.711117   
468.000000	63.950405   
468.500000	63.179143   
469.000000	62.406713   
469.500000	61.619721   
470.000000	60.825005   
470.500000	60.009800   
471.000000	59.184145   
471.500000	58.352079   
472.000000	57.528462   
472.500000	56.709400   
473.000000	55.903942   
473.500000	55.104405   
474.000000	54.311264   
474.500000	53.539602   
475.000000	52.784328   
475.500000	52.046751   
476.000000	51.334418   
476.500000	50.631234   
477.000000	49.939496   
477.500000	49.245921   
478.000000	48.552744   
478.500000	47.869958   
479.000000	47.198774   
479.500000	46.530315   
480.000000	45.866030   
480.500000	45.200817   
481.000000	44.523160   
481.500000	43.845565   
482.000000	43.175604   
482.500000	42.513555   
483.000000	41.858307   
483.500000	41.203090   
484.000000	40.551911   
484.500000	39.904861   
485.000000	39.262969   
485.500000	38.630728   
486.000000	38.016707   
486.500000	37.416057   
487.000000	36.830296   
487.500000	36.257137   
488.000000	35.692764   
488.500000	35.137983   
489.000000	34.596065   
489.500000	34.069686   
490.000000	33.555790   
490.500000	33.051071   
491.000000	32.550612   
491.500000	32.059230   
492.000000	31.569601   
492.500000	31.079757   
493.000000	30.599080   
493.500000	30.122839   
494.000000	29.651050   
494.500000	29.187877   
495.000000	28.736811   
495.500000	28.294285   
496.000000	27.858612   
496.500000	27.427903   
497.000000	27.000746   
497.500000	26.583733   
498.000000	26.177595   
498.500000	25.786548   
499.000000	25.411299   
499.500000	25.048968   
500.000000	24.702915   
500.500000	24.369600   
501.000000	24.047622   
501.500000	23.736244   
502.000000	23.439358   
502.500000	23.156639   
503.000000	22.882970   
503.500000	22.611828   
504.000000	22.345210   
504.500000	22.082551   
505.000000	21.819399   
505.500000	21.555762   
506.000000	21.291798   
506.500000	21.033389   
507.000000	20.780329   
507.500000	20.530561   
508.000000	20.286909   
508.500000	20.047903   
509.000000	19.809369   
509.500000	19.574899   
510.000000	19.346422   
510.500000	19.120849   
511.000000	18.902525   
511.500000	18.691706   
512.000000	18.484466   
512.500000	18.275891   
513.000000	18.066015   
513.500000	17.861387   
514.000000	17.662155   
514.500000	17.468730   
515.000000	17.284797   
515.500000	17.106374   
516.000000	16.928498   
516.500000	16.750691   
517.000000	16.571010   
517.500000	16.387545   
518.000000	16.207566   
518.500000	16.034528   
519.000000	15.864296   
519.500000	15.696076   
520.000000	15.525228   
520.500000	15.356649   
521.000000	15.191371   
521.500000	15.033855   
522.000000	14.884237   
522.500000	14.741990   
523.000000	14.598385   
523.500000	14.454562   
524.000000	14.310643   
524.500000	14.164397   
525.000000	14.021630   
525.500000	13.880201   
526.000000	13.741449   
526.500000	13.603755   
527.000000	13.462164   
527.500000	13.319572   
528.000000	13.174765   
528.500000	13.032971   
529.000000	12.894356   
529.500000	12.759720   
530.000000	12.624089   
530.500000	12.487257   
531.000000	12.351044   
531.500000	12.212098   
532.000000	12.076369   
532.500000	11.944002   
533.000000	11.816759   
533.500000	11.698160   
534.000000	11.581451   
534.500000	11.469358   
535.000000	11.360419   
535.500000	11.256628   
536.000000	11.157298   
536.500000	11.061888   
537.000000	10.965064   
537.500000	10.864711   
538.000000	10.761976   
538.500000	10.654233   
539.000000	10.541842   
539.500000	10.424662   
540.000000	10.302633   
540.500000	10.179481   
541.000000	10.055970   
541.500000	9.933511    
542.000000	9.812832    
542.500000	9.696395    
543.000000	9.585217    
543.500000	9.478366    
544.000000	9.375805    
544.500000	9.275857    
545.000000	9.180421    
545.500000	9.088022    
546.000000	8.997629    
546.500000	8.907208    
547.000000	8.813845    
547.500000	8.721255    
548.000000	8.631274    
548.500000	8.540131    
549.000000	8.448481    
549.500000	8.358038    
550.000000	8.268615    
550.500000	8.181502    
551.000000	8.096589    
551.500000	8.009815    
552.000000	7.923709    
552.500000	7.839230    
553.000000	7.758939    
553.500000	7.678412    
554.000000	7.598040    
554.500000	7.518111    
555.000000	7.439925    
555.500000	7.361908    
556.000000	7.286269    
556.500000	7.213930    
557.000000	7.143637    
557.500000	7.076366    
558.000000	7.010378    
558.500000	6.944574    
559.000000	6.879529    
559.500000	6.815683    
560.000000	6.754189    
560.500000	6.692243    
561.000000	6.631918    
561.500000	6.572643    
562.000000	6.513838    
562.500000	6.452761    
563.000000	6.394072    
563.500000	6.338991    
564.000000	6.286980    
564.500000	6.239310    
565.000000	6.191360    
565.500000	6.146227    
566.000000	6.101907    
566.500000	6.058939    
567.000000	6.018086    
567.500000	5.977000    
568.000000	5.936983    
568.500000	5.896323    
569.000000	5.852991    
569.500000	5.803575    
570.000000	5.751970    
570.500000	5.697618    
571.000000	5.641166    
571.500000	5.584035    
572.000000	5.523592    
572.500000	5.464685    
573.000000	5.405907    
573.500000	5.347685    
574.000000	5.292800    
574.500000	5.240638    
575.000000	5.192899    
575.500000	5.147625    
576.000000	5.104557    
576.500000	5.061248    
577.000000	5.022259    
577.500000	4.984560    
578.000000	4.946126    
578.500000	4.905889    
579.000000	4.865195    
579.500000	4.824098    
580.000000	4.781793    
580.500000	4.736664    
581.000000	4.691649    
581.500000	4.647011    
582.000000	4.603222    
582.500000	4.559729    
583.000000	4.515320    
583.500000	4.469226    
584.000000	4.428539    
584.500000	4.390490    
585.000000	4.352546    
585.500000	4.314446    
586.000000	4.278580    
586.500000	4.243087    
587.000000	4.209913    
587.500000	4.176746    
588.000000	4.144056    
588.500000	4.113912    
589.000000	4.085125    
589.500000	4.057360    
590.000000	4.028515    
590.500000	3.996144    
591.000000	3.963978    
591.500000	3.931665    
592.000000	3.898236    
592.500000	3.864132    
593.000000	3.829805    
593.500000	3.794697    
594.000000	3.759992    
594.500000	3.724525    
595.000000	3.688484    
595.500000	3.654476    
596.000000	3.622029    
596.500000	3.591530    
597.000000	3.562855    
597.500000	3.533602    
598.000000	3.506156    
598.500000	3.479052    
599.000000	3.452167    
599.500000	3.427622    
600.000000	3.404282    
600.500000	3.381651    
601.000000	3.360329    
601.500000	3.338779    
602.000000	3.316564    
602.500000	3.293423    
603.000000	3.270251    
603.500000	3.246520    
604.000000	3.223356    
604.500000	3.199205    
605.000000	3.176601    
605.500000	3.153927    
606.000000	3.129778    
606.500000	3.106359    
607.000000	3.083712    
607.500000	3.061356    
608.000000	3.039774    
608.500000	3.018551    
609.000000	2.997442    
609.500000	2.976148    
610.000000	2.954276    
610.500000	2.931271    
611.000000	2.908480    
611.500000	2.884140    
612.000000	2.860811    
612.500000	2.837925    
613.000000	2.813664    
613.500000	2.789917    
614.000000	2.767078    
614.500000	2.744393    
615.000000	2.721603    
615.500000	2.699388    
616.000000	2.677434    
616.500000	2.657253    
617.000000	2.637315    
617.500000	2.616353    
618.000000	2.596778    
618.500000	2.577775    
619.000000	2.560001    
619.500000	2.544108    
620.000000	2.529775    
620.500000	2.516869    
621.000000	2.504662    
621.500000	2.493675    
622.000000	2.482153    
622.500000	2.471676    
623.000000	2.460741    
623.500000	2.451290    
624.000000	2.442088    
624.500000	2.429923    
625.000000	2.418128    
625.500000	2.405245    
626.000000	2.392555    
626.500000	2.380344    
627.000000	2.368913    
627.500000	2.358534    
628.000000	2.346343    
628.500000	2.333507    
629.000000	2.318697    
629.500000	2.304352    
630.000000	2.290247    
630.500000	2.278295    
631.000000	2.268374    
631.500000	2.256570    
632.000000	2.243909    
632.500000	2.229274    
633.000000	2.215157    
633.500000	2.202432    
634.000000	2.190697    
634.500000	2.181100    
635.000000	2.170849    
635.500000	2.160807    
636.000000	2.149977    
636.500000	2.139648    
637.000000	2.131484    
637.500000	2.126486    
638.000000	2.124208    
638.500000	2.122702    
639.000000	2.120785    
639.500000	2.117015    
640.000000	2.113759    
640.500000	2.111363    
641.000000	2.108488    
641.500000	2.106153    
642.000000	2.102048    
642.500000	2.097446    
643.000000	2.091580    
643.500000	2.084521    
644.000000	2.080102    
644.500000	2.077782    
645.000000	2.076674    
645.500000	2.076125    
646.000000	2.076081    
646.500000	2.075127    
647.000000	2.074885    
647.500000	2.075670    
648.000000	2.076839    
648.500000	2.078512    
649.000000	2.079073    
649.500000	2.077346    
650.000000	2.072557    
650.500000	2.067086    
651.000000	2.064082    
651.500000	2.062536    
652.000000	2.061634    
652.500000	2.060151    
653.000000	2.060043    
653.500000	2.060106    
654.000000	2.061292    
654.500000	2.063320    
655.000000	2.066038    
655.500000	2.070346    
656.000000	2.075618    
656.500000	2.079238    
657.000000	2.079984    
657.500000	2.080638    
658.000000	2.081922    
658.500000	2.082910    
659.000000	2.083814    
659.500000	2.083062    
660.000000	2.082178    
660.500000	2.080506    
661.000000	2.078862    
661.500000	2.077072    
662.000000	2.074900    
662.500000	2.072174    
663.000000	2.070814    
663.500000	2.069583    
664.000000	2.067975    
664.500000	2.067421    
665.000000	2.067659    
665.500000	2.067598    
666.000000	2.067964    
666.500000	2.068804    
667.000000	2.070319    
667.500000	2.071955    
668.000000	2.073190    
668.500000	2.073744    
669.000000	2.074079    
669.500000	2.072355    
670.000000	2.070508    
670.500000	2.067948    
671.000000	2.064696    
671.500000	2.061242    
672.000000	2.057545    
672.500000	2.052801    
673.000000	2.049091    
673.500000	2.047133    
674.000000	2.046248    
674.500000	2.046724    
675.000000	2.048138    
675.500000	2.050554    
676.000000	2.053566    
676.500000	2.056292    
677.000000	2.060368    
677.500000	2.065177    
678.000000	2.070530    
678.500000	2.076154    
679.000000	2.082400    
679.500000	2.087477    
680.000000	2.093695    
680.500000	2.101432    
681.000000	2.108978    
681.500000	2.117279    
682.000000	2.126073    
682.500000	2.134522    
683.000000	2.142094    
683.500000	2.148338    
684.000000	2.155346    
684.500000	2.162815    
685.000000	2.171042    
685.500000	2.179783    
686.000000	2.189974    
686.500000	2.200343    
687.000000	2.213172    
687.500000	2.229086    
688.000000	2.247988    
688.500000	2.270626    
689.000000	2.297720    
689.500000	2.329162    
690.000000	2.366489    
690.500000	2.409972    
691.000000	2.461506    
691.500000	2.521643    
692.000000	2.592141    
692.500000	2.676154    
693.000000	2.775919    
693.500000	2.892922    
694.000000	3.028911    
694.500000	3.185527    
695.000000	3.368885    
695.500000	3.581826    
696.000000	3.830176    
696.500000	4.115072    
697.000000	4.439629    
697.500000	4.810263    
698.000000	5.234790    
698.500000	5.713374    
699.000000	6.254994    
699.500000	6.870560    
700.000000	7.569338    
700.500000	8.364743    
701.000000	9.270002    
701.500000	10.295203   
702.000000	11.466120   
702.500000	12.788482   
703.000000	14.289223   
703.500000	15.986171   
704.000000	17.910648   
704.500000	20.089271   
705.000000	22.536588   
705.500000	25.281744   
706.000000	28.353741   
706.500000	31.768054   
707.000000	35.563780   
707.500000	39.749439   
708.000000	44.351810   
708.500000	49.423341   
709.000000	55.018499   
709.500000	61.147238   
710.000000	67.863265   
710.500000	75.190786   
711.000000	83.201507   
711.500000	91.938234   
712.000000	101.425233  
712.500000	111.691855  
713.000000	122.801296  
713.500000	134.661323  
714.000000	147.255548  
714.500000	160.611638  
715.000000	174.697454  
715.500000	189.500038  
716.000000	205.030881  
716.500000	221.241415  
717.000000	238.160564  
717.500000	255.768560  
718.000000	274.058172  
718.500000	292.994413  
719.000000	312.563811  
719.500000	332.680488  
720.000000	353.415391  
720.500000	374.595440  
721.000000	396.034777  
721.500000	417.701063  
722.000000	439.530860  
722.500000	461.315960  
723.000000	482.975209  
723.500000	504.388395  
724.000000	525.513849  
724.500000	546.291575  
725.000000	566.637777  
725.500000	586.470316  
726.000000	605.829157  
726.500000	624.558678  
727.000000	642.754783  
727.500000	660.322843  
728.000000	677.036724  
728.500000	692.918502  
729.000000	708.041844  
729.500000	722.186448  
730.000000	735.354313  
730.500000	747.489788  
731.000000	758.606904  
731.500000	768.684673  
732.000000	777.730230  
732.500000	785.673862  
733.000000	792.617803  
733.500000	798.497645  
734.000000	803.344085  
734.500000	807.235546  
735.000000	810.045785  
735.500000	811.785201  
736.000000	812.574567  
736.500000	812.311084  
737.000000	811.081835  
737.500000	808.906082  
738.000000	805.852602  
738.500000	801.857344  
739.000000	796.975578  
739.500000	791.184501  
740.000000	784.556817  
740.500000	777.101149  
741.000000	768.777177  
741.500000	759.624342  
742.000000	749.581596  
742.500000	738.621437  
743.000000	726.795830  
743.500000	714.047143  
744.000000	700.464687  
744.500000	686.016853  
745.000000	670.782453  
745.500000	654.730298  
746.000000	637.847711  
746.500000	620.205380  
747.000000	601.859303  
747.500000	582.858153  
748.000000	563.196299  
748.500000	542.906934  
749.000000	522.053749  
749.500000	500.684996  
750.000000	478.900620  
750.500000	456.765777  
751.000000	434.488300  
751.500000	412.081417  
752.000000	389.727340  
752.500000	367.527410  
753.000000	345.486802  
753.500000	323.762929  
754.000000	302.478328  
754.500000	281.705803  
755.000000	261.532085  
755.500000	241.954300  
756.000000	223.037209  
756.500000	204.836392  
757.000000	187.401469  
757.500000	170.741886  
758.000000	154.994319  
758.500000	140.090736  
759.000000	126.102039  
759.500000	113.056817  
760.000000	100.906160  
760.500000	89.677360   
761.000000	79.363317   
761.500000	69.931751   
762.000000	61.360728   
762.500000	53.570377   
763.000000	46.521715   
763.500000	40.203154   
764.000000	34.544649   
764.500000	29.486199   
765.000000	25.038031   
765.500000	21.113953   
766.000000	17.711667   
766.500000	14.769841   
767.000000	12.254990   
767.500000	10.136208   
768.000000	8.371195    
768.500000	6.923630    
769.000000	5.762098    
769.500000	4.831964    
770.000000	4.099143    
770.500000	3.542315    
771.000000	3.122529    
771.500000	2.813032    
772.000000	2.590323    
772.500000	2.433233    
773.000000	2.327191    
773.500000	2.257821    
774.000000	2.212124    
774.500000	2.185641    
775.000000	2.169592    
775.500000	2.160606    
776.000000	2.156943    
776.500000	2.153871    
777.000000	2.150211    
777.500000	2.145558    
778.000000	2.140238    
778.500000	2.133668    
779.000000	2.125401    
779.500000	2.117239    
780.000000	2.109449    
780.500000	2.101473    
781.000000	2.095037    
781.500000	2.088799    
782.000000	2.084249    
782.500000	2.081317    
783.000000	2.079403    
783.500000	2.078955    
784.000000	2.080127    
784.500000	2.082759    
785.000000	2.086931    
785.500000	2.091059    
786.000000	2.095587    
786.500000	2.101079    
787.000000	2.107097    
787.500000	2.114156    
788.000000	2.122468    
788.500000	2.130991    
789.000000	2.140951    
789.500000	2.152131    
790.000000	2.163465    
790.500000	2.175529    
791.000000	2.188500    
791.500000	2.201202    
792.000000	2.215182    
792.500000	2.228433    
793.000000	2.241838    
793.500000	2.255790    
794.000000	2.269106    
794.500000	2.283181    
795.000000	2.297445    
795.500000	2.312079    
796.000000	2.328074    
796.500000	2.345263    
797.000000	2.362787    
797.500000	2.381124    
798.000000	2.399849    
798.500000	2.417617    
799.000000	2.435884    
799.500000	2.453675    
800.000000	2.473041    
800.500000	2.493159    
801.000000	2.512500    
801.500000	2.533501    
802.000000	2.554332    
802.500000	2.575550    
803.000000	2.597942    
803.500000	2.621896    
804.000000	2.646657    
804.500000	2.673204    
805.000000	2.699499    
805.500000	2.724941    
806.000000	2.750217    
806.500000	2.774173    
807.000000	2.798971    
807.500000	2.825029    
808.000000	2.851742    
808.500000	2.881442    
809.000000	2.911606    
809.500000	2.941396    
810.000000	2.970257    
810.500000	3.000111    
811.000000	3.029021    
811.500000	3.058122    
812.000000	3.086565    
812.500000	3.114200    
813.000000	3.141038    
813.500000	3.165188    
814.000000	3.189129    
814.500000	3.212721    
815.000000	3.237760    
815.500000	3.267740    
816.000000	3.299197    
816.500000	3.329865    
817.000000	3.359960    
817.500000	3.391003    
818.000000	3.421685    
818.500000	3.453562    
819.000000	3.486151    
819.500000	3.518577    
820.000000	3.552079    
820.500000	3.584614    
821.000000	3.615245    
821.500000	3.643836    
822.000000	3.673193    
822.500000	3.705821    
823.000000	3.739672    
823.500000	3.771463    
824.000000	3.801537    
824.500000	3.830478    
825.000000	3.858742    
825.500000	3.886386    
826.000000	3.914015    
826.500000	3.941020    
827.000000	3.968561    
827.500000	3.996235    
828.000000	4.020617    
828.500000	4.042596    
829.000000	4.066747    
829.500000	4.093470    
830.000000	4.121848    
830.500000	4.149469    
831.000000	4.176995    
831.500000	4.203697    
832.000000	4.230877    
832.500000	4.257214    
833.000000	4.281554    
833.500000	4.305845    
834.000000	4.331202    
834.500000	4.358289    
835.000000	4.382142    
835.500000	4.400732    
836.000000	4.419507    
836.500000	4.438427    
837.000000	4.456919    
837.500000	4.473887    
838.000000	4.490941    
838.500000	4.508009    
839.000000	4.526602    
839.500000	4.544007    
840.000000	4.558206    
840.500000	4.571898    
841.000000	4.585079    
841.500000	4.598268    
842.000000	4.612071    
842.500000	4.622271    
843.000000	4.630967    
843.500000	4.639793    
844.000000	4.647791    
844.500000	4.653230    
845.000000	4.659901    
845.500000	4.668200    
846.000000	4.678337    
846.500000	4.689389    
847.000000	4.700072    
847.500000	4.709855    
848.000000	4.717077    
848.500000	4.722427    
849.000000	4.729926    
849.500000	4.736596    
850.000000	4.741704    
850.500000	4.747224    
851.000000	4.753762    
851.500000	4.757494    
852.000000	4.761352    
852.500000	4.764520    
853.000000	4.766218    
853.500000	4.766938    
854.000000	4.770120    
854.500000	4.771498    
855.000000	4.767538    
855.500000	4.759684    
856.000000	4.751071    
856.500000	4.741773    
857.000000	4.730730    
857.500000	4.717895    
858.000000	4.706731    
858.500000	4.694013    
859.000000	4.682873    
859.500000	4.673396    
860.000000	4.663172    
860.500000	4.653457    
861.000000	4.647053    
861.500000	4.641936    
862.000000	4.633748    
862.500000	4.624306    
863.000000	4.613347    
863.500000	4.601363    
864.000000	4.588171    
864.500000	4.570175    
865.000000	4.550247    
865.500000	4.526701    
866.000000	4.502493    
866.500000	4.478661    
867.000000	4.454702    
867.500000	4.432108    
868.000000	4.411213    
868.500000	4.392950    
869.000000	4.375250    
869.500000	4.357768    
870.000000	4.341594    
870.500000	4.327912    
871.000000	4.318024    
871.500000	4.308072    
872.000000	4.297446    
872.500000	4.283002    
873.000000	4.265524    
873.500000	4.246416    
874.000000	4.226570    
874.500000	4.206457    
875.000000	4.184071    
875.500000	4.160866    
876.000000	4.136862    
876.500000	4.110720    
877.000000	4.084355    
877.500000	4.057840    
878.000000	4.033829    
878.500000	4.011230    
879.000000	3.989405    
879.500000	3.965911    
880.000000	3.940778    
880.500000	3.914966    
881.000000	3.889436    
881.500000	3.864592    
882.000000	3.839669    
882.500000	3.813879    
883.000000	3.787715    
883.500000	3.759101    
884.000000	3.730224    
884.500000	3.700578    
885.000000	3.671104    
885.500000	3.642197    
886.000000	3.614860    
886.500000	3.588193    
887.000000	3.561105    
887.500000	3.535148    
888.000000	3.510510    
888.500000	3.487774    
889.000000	3.465769    
889.500000	3.443726    
890.000000	3.421838    
890.500000	3.399808    
891.000000	3.378165    
891.500000	3.355902    
892.000000	3.333053    
892.500000	3.308974    
893.000000	3.284986    
893.500000	3.260391    
894.000000	3.233391    
894.500000	3.206303    
895.000000	3.178587    
895.500000	3.152206    
896.000000	3.125988    
896.500000	3.101092    
897.000000	3.078041    
897.500000	3.057018    
898.000000	3.038888    
898.500000	3.022210    
899.000000	3.006986    
899.500000	2.992174    
900.000000	2.979000    

