#DATA
200.000000	0.014000   
200.500000	0.013893   
201.000000	0.014421   
201.500000	0.014710   
202.000000	0.015877   
202.500000	0.017847   
203.000000	0.020320   
203.500000	0.022622   
204.000000	0.024890   
204.500000	0.027530   
205.000000	0.030123   
205.500000	0.032096   
206.000000	0.032763   
206.500000	0.033460   
207.000000	0.034135   
207.500000	0.033166   
208.000000	0.031831   
208.500000	0.030078   
209.000000	0.027989   
209.500000	0.026337   
210.000000	0.025150   
210.500000	0.024098   
211.000000	0.023597   
211.500000	0.023548   
212.000000	0.024833   
212.500000	0.026639   
213.000000	0.028172   
213.500000	0.029305   
214.000000	0.030678   
214.500000	0.031229   
215.000000	0.031504   
215.500000	0.031267   
216.000000	0.029476   
216.500000	0.028272   
217.000000	0.027407   
217.500000	0.026383   
218.000000	0.025159   
218.500000	0.024133   
219.000000	0.023991   
219.500000	0.024927   
220.000000	0.026781   
220.500000	0.028304   
221.000000	0.030189   
221.500000	0.032540   
222.000000	0.034136   
222.500000	0.035711   
223.000000	0.035444   
223.500000	0.035850   
224.000000	0.037230   
224.500000	0.037937   
225.000000	0.038111   
225.500000	0.038644   
226.000000	0.039498   
226.500000	0.041157   
227.000000	0.043547   
227.500000	0.046302   
228.000000	0.049170   
228.500000	0.051980   
229.000000	0.053513   
229.500000	0.054783   
230.000000	0.053999   
230.500000	0.052718   
231.000000	0.051747   
231.500000	0.050154   
232.000000	0.048041   
232.500000	0.046950   
233.000000	0.046594   
233.500000	0.046282   
234.000000	0.047220   
234.500000	0.050124   
235.000000	0.055067   
235.500000	0.061314   
236.000000	0.068156   
236.500000	0.076352   
237.000000	0.086098   
237.500000	0.097657   
238.000000	0.111160   
238.500000	0.126663   
239.000000	0.144365   
239.500000	0.164824   
240.000000	0.187891   
240.500000	0.210808   
241.000000	0.232718   
241.500000	0.255442   
242.000000	0.279095   
242.500000	0.301957   
243.000000	0.326530   
243.500000	0.352628   
244.000000	0.382210   
244.500000	0.415001   
245.000000	0.453226   
245.500000	0.498992   
246.000000	0.556055   
246.500000	0.625444   
247.000000	0.708370   
247.500000	0.803599   
248.000000	0.910358   
248.500000	1.030753   
249.000000	1.165139   
249.500000	1.309899   
250.000000	1.464401   
250.500000	1.626317   
251.000000	1.795669   
251.500000	1.970112   
252.000000	2.148195   
252.500000	2.329840   
253.000000	2.518199   
253.500000	2.710980   
254.000000	2.907539   
254.500000	3.109670   
255.000000	3.314742   
255.500000	3.521835   
256.000000	3.733556   
256.500000	3.946570   
257.000000	4.160632   
257.500000	4.374257   
258.000000	4.588180   
258.500000	4.797877   
259.000000	5.001258   
259.500000	5.191814   
260.000000	5.373138   
260.500000	5.540274   
261.000000	5.688311   
261.500000	5.818601   
262.000000	5.927827   
262.500000	6.009926   
263.000000	6.067190   
263.500000	6.097677   
264.000000	6.097575   
264.500000	6.067629   
265.000000	6.014863   
265.500000	5.938270   
266.000000	5.839781   
266.500000	5.715082   
267.000000	5.570400   
267.500000	5.408069   
268.000000	5.229597   
268.500000	5.044889   
269.000000	4.853823   
269.500000	4.654100   
270.000000	4.451907   
270.500000	4.247207   
271.000000	4.039197   
271.500000	3.827739   
272.000000	3.622380   
272.500000	3.422083   
273.000000	3.229853   
273.500000	3.041189   
274.000000	2.856906   
274.500000	2.678288   
275.000000	2.505310   
275.500000	2.345915   
276.000000	2.196823   
276.500000	2.055977   
277.000000	1.928835   
277.500000	1.815612   
278.000000	1.717558   
278.500000	1.631214   
279.000000	1.562956   
279.500000	1.511597   
280.000000	1.477952   
280.500000	1.461582   
281.000000	1.457819   
281.500000	1.467019   
282.000000	1.487949   
282.500000	1.523132   
283.000000	1.567226   
283.500000	1.614515   
284.000000	1.666759   
284.500000	1.720631   
285.000000	1.776564   
285.500000	1.829098   
286.000000	1.880957   
286.500000	1.928710   
287.000000	1.975267   
287.500000	2.020150   
288.000000	2.061554   
288.500000	2.101074   
289.000000	2.141303   
289.500000	2.180470   
290.000000	2.221896   
290.500000	2.262020   
291.000000	2.301514   
291.500000	2.342681   
292.000000	2.385500   
292.500000	2.428154   
293.000000	2.471708   
293.500000	2.511010   
294.000000	2.547810   
294.500000	2.581263   
295.000000	2.608899   
295.500000	2.633937   
296.000000	2.656250   
296.500000	2.671548   
297.000000	2.682535   
297.500000	2.687340   
298.000000	2.687710   
298.500000	2.686972   
299.000000	2.683570   
299.500000	2.679188   
300.000000	2.676412   
300.500000	2.671109   
301.000000	2.664053   
301.500000	2.658367   
302.000000	2.650756   
302.500000	2.643810   
303.000000	2.638479   
303.500000	2.632460   
304.000000	2.624631   
304.500000	2.615206   
305.000000	2.604668   
305.500000	2.594757   
306.000000	2.582391   
306.500000	2.568652   
307.000000	2.556806   
307.500000	2.542995   
308.000000	2.525956   
308.500000	2.509990   
309.000000	2.490538   
309.500000	2.468604   
310.000000	2.445345   
310.500000	2.422386   
311.000000	2.396486   
311.500000	2.368803   
312.000000	2.340548   
312.500000	2.317360   
313.000000	2.296233   
313.500000	2.275411   
314.000000	2.259106   
314.500000	2.245525   
315.000000	2.235164   
315.500000	2.227139   
316.000000	2.220065   
316.500000	2.212802   
317.000000	2.205953   
317.500000	2.196706   
318.000000	2.184664   
318.500000	2.170526   
319.000000	2.152864   
319.500000	2.136352   
320.000000	2.117930   
320.500000	2.095528   
321.000000	2.073032   
321.500000	2.053007   
322.000000	2.037873   
322.500000	2.025022   
323.000000	2.015267   
323.500000	2.010526   
324.000000	2.011744   
324.500000	2.014895   
325.000000	2.019697   
325.500000	2.025436   
326.000000	2.029888   
326.500000	2.035465   
327.000000	2.040463   
327.500000	2.041281   
328.000000	2.039190   
328.500000	2.037118   
329.000000	2.034027   
329.500000	2.031785   
330.000000	2.030605   
330.500000	2.032429   
331.000000	2.040937   
331.500000	2.053261   
332.000000	2.069388   
332.500000	2.089812   
333.000000	2.113363   
333.500000	2.139498   
334.000000	2.167896   
334.500000	2.194269   
335.000000	2.217908   
335.500000	2.241920   
336.000000	2.261727   
336.500000	2.277216   
337.000000	2.292716   
337.500000	2.307245   
338.000000	2.324669   
338.500000	2.344164   
339.000000	2.365130   
339.500000	2.391415   
340.000000	2.424950   
340.500000	2.466016   
341.000000	2.515065   
341.500000	2.567300   
342.000000	2.621806   
342.500000	2.681573   
343.000000	2.744383   
343.500000	2.806419   
344.000000	2.871243   
344.500000	2.936675   
345.000000	3.003157   
345.500000	3.068840   
346.000000	3.133377   
346.500000	3.196333   
347.000000	3.259379   
347.500000	3.327189   
348.000000	3.400141   
348.500000	3.474967   
349.000000	3.553076   
349.500000	3.637289   
350.000000	3.729498   
350.500000	3.825699   
351.000000	3.926648   
351.500000	4.034162   
352.000000	4.143278   
352.500000	4.256002   
353.000000	4.371328   
353.500000	4.486761   
354.000000	4.600864   
354.500000	4.716972   
355.000000	4.833564   
355.500000	4.946649   
356.000000	5.060504   
356.500000	5.180597   
357.000000	5.310974   
357.500000	5.453087   
358.000000	5.605143   
358.500000	5.769646   
359.000000	5.941816   
359.500000	6.123694   
360.000000	6.317920   
360.500000	6.521769   
361.000000	6.732203   
361.500000	6.951968   
362.000000	7.178041   
362.500000	7.398530   
363.000000	7.614635   
363.500000	7.833201   
364.000000	8.057624   
364.500000	8.285017   
365.000000	8.513519   
365.500000	8.743424   
366.000000	8.976639   
366.500000	9.212963   
367.000000	9.455629   
367.500000	9.703699   
368.000000	9.958839   
368.500000	10.221684  
369.000000	10.495777  
369.500000	10.778014  
370.000000	11.063423  
370.500000	11.356665  
371.000000	11.658724  
371.500000	11.964244  
372.000000	12.271351  
372.500000	12.573485  
373.000000	12.875985  
373.500000	13.177356  
374.000000	13.482169  
374.500000	13.789660  
375.000000	14.100924  
375.500000	14.416475  
376.000000	14.735845  
376.500000	15.059325  
377.000000	15.383218  
377.500000	15.712478  
378.000000	16.050030  
378.500000	16.385995  
379.000000	16.718291  
379.500000	17.043709  
380.000000	17.362510  
380.500000	17.671635  
381.000000	17.971343  
381.500000	18.265512  
382.000000	18.558494  
382.500000	18.857289  
383.000000	19.155345  
383.500000	19.450245  
384.000000	19.743134  
384.500000	20.035055  
385.000000	20.335009  
385.500000	20.629539  
386.000000	20.919683  
386.500000	21.205955  
387.000000	21.475927  
387.500000	21.726912  
388.000000	21.963975  
388.500000	22.185671  
389.000000	22.392046  
389.500000	22.600492  
390.000000	22.804390  
390.500000	22.999237  
391.000000	23.193796  
391.500000	23.383991  
392.000000	23.581803  
392.500000	23.781819  
393.000000	23.975440  
393.500000	24.171180  
394.000000	24.349327  
394.500000	24.511996  
395.000000	24.658391  
395.500000	24.790375  
396.000000	24.910931  
396.500000	25.023989  
397.000000	25.119618  
397.500000	25.194250  
398.000000	25.266109  
398.500000	25.331499  
399.000000	25.395883  
399.500000	25.459764  
400.000000	25.517182  
400.500000	25.579456  
401.000000	25.626114  
401.500000	25.658384  
402.000000	25.677941  
402.500000	25.688299  
403.000000	25.693304  
403.500000	25.690802  
404.000000	25.674256  
404.500000	25.635904  
405.000000	25.590725  
405.500000	25.547318  
406.000000	25.500412  
406.500000	25.448694  
407.000000	25.385509  
407.500000	25.314336  
408.000000	25.235412  
408.500000	25.148926  
409.000000	25.047086  
409.500000	24.934317  
410.000000	24.814485  
410.500000	24.684489  
411.000000	24.551604  
411.500000	24.404048  
412.000000	24.242013  
412.500000	24.084421  
413.000000	23.927252  
413.500000	23.766526  
414.000000	23.601944  
414.500000	23.425833  
415.000000	23.257287  
415.500000	23.087955  
416.000000	22.920209  
416.500000	22.754393  
417.000000	22.592500  
417.500000	22.435854  
418.000000	22.286509  
418.500000	22.140832  
419.000000	21.990142  
419.500000	21.841386  
420.000000	21.689203  
420.500000	21.531183  
421.000000	21.358777  
421.500000	21.162819  
422.000000	20.961153  
422.500000	20.747488  
423.000000	20.524222  
423.500000	20.292740  
424.000000	20.057247  
424.500000	19.827559  
425.000000	19.607795  
425.500000	19.397668  
426.000000	19.193261  
426.500000	18.994099  
427.000000	18.808286  
427.500000	18.628958  
428.000000	18.447392  
428.500000	18.259565  
429.000000	18.073791  
429.500000	17.881501  
430.000000	17.680368  
430.500000	17.469708  
431.000000	17.250536  
431.500000	17.033197  
432.000000	16.818903  
432.500000	16.606290  
433.000000	16.391477  
433.500000	16.173640  
434.000000	15.966501  
434.500000	15.758644  
435.000000	15.547510  
435.500000	15.334043  
436.000000	15.120158  
436.500000	14.905664  
437.000000	14.690640  
437.500000	14.477188  
438.000000	14.265584  
438.500000	14.060072  
439.000000	13.865772  
439.500000	13.688578  
440.000000	13.520065  
440.500000	13.354291  
441.000000	13.199172  
441.500000	13.044745  
442.000000	12.896776  
442.500000	12.750770  
443.000000	12.599100  
443.500000	12.446639  
444.000000	12.296111  
444.500000	12.142060  
445.000000	11.988994  
445.500000	11.840117  
446.000000	11.694207  
446.500000	11.562893  
447.000000	11.439393  
447.500000	11.316144  
448.000000	11.197829  
448.500000	11.079228  
449.000000	10.969634  
449.500000	10.865126  
450.000000	10.752451  
450.500000	10.632741  
451.000000	10.513594  
451.500000	10.387785  
452.000000	10.262130  
452.500000	10.136835  
453.000000	10.009052  
453.500000	9.887539   
454.000000	9.768764   
454.500000	9.646019   
455.000000	9.523294   
455.500000	9.395809   
456.000000	9.278677   
456.500000	9.171332   
457.000000	9.060913   
457.500000	8.947541   
458.000000	8.838181   
458.500000	8.728262   
459.000000	8.626711   
459.500000	8.532440   
460.000000	8.444299   
460.500000	8.361932   
461.000000	8.278754   
461.500000	8.195436   
462.000000	8.117541   
462.500000	8.034779   
463.000000	7.957001   
463.500000	7.884324   
464.000000	7.812078   
464.500000	7.733416   
465.000000	7.647462   
465.500000	7.554679   
466.000000	7.465067   
466.500000	7.379932   
467.000000	7.296411   
467.500000	7.212236   
468.000000	7.124152   
468.500000	7.037220   
469.000000	6.957533   
469.500000	6.878898   
470.000000	6.803099   
470.500000	6.732726   
471.000000	6.669143   
471.500000	6.611123   
472.000000	6.551546   
472.500000	6.493474   
473.000000	6.440539   
473.500000	6.390478   
474.000000	6.342451   
474.500000	6.293815   
475.000000	6.242254   
475.500000	6.191690   
476.000000	6.146747   
476.500000	6.105264   
477.000000	6.066854   
477.500000	6.029987   
478.000000	6.001524   
478.500000	5.978087   
479.000000	5.951725   
479.500000	5.927212   
480.000000	5.905755   
480.500000	5.886168   
481.000000	5.868790   
481.500000	5.852385   
482.000000	5.836866   
482.500000	5.824315   
483.000000	5.820623   
483.500000	5.824684   
484.000000	5.836409   
484.500000	5.856613   
485.000000	5.893178   
485.500000	5.942420   
486.000000	6.000289   
486.500000	6.070056   
487.000000	6.156208   
487.500000	6.254347   
488.000000	6.366432   
488.500000	6.495000   
489.000000	6.640077   
489.500000	6.801875   
490.000000	6.992188   
490.500000	7.210521   
491.000000	7.455388   
491.500000	7.728363   
492.000000	8.039041   
492.500000	8.389330   
493.000000	8.773655   
493.500000	9.183550   
494.000000	9.621355   
494.500000	10.087483  
495.000000	10.580111  
495.500000	11.097154  
496.000000	11.639126  
496.500000	12.197949  
497.000000	12.790432  
497.500000	13.417041  
498.000000	14.070900  
498.500000	14.758429  
499.000000	15.487229  
499.500000	16.268377  
500.000000	17.099226  
500.500000	17.974758  
501.000000	18.900257  
501.500000	19.878887  
502.000000	20.925183  
502.500000	22.040971  
503.000000	23.234303  
503.500000	24.495376  
504.000000	25.833610  
504.500000	27.253504  
505.000000	28.760316  
505.500000	30.359975  
506.000000	32.066337  
506.500000	33.893651  
507.000000	35.827951  
507.500000	37.875842  
508.000000	40.030271  
508.500000	42.283138  
509.000000	44.656867  
509.500000	47.137866  
510.000000	49.712091  
510.500000	52.372667  
511.000000	55.103798  
511.500000	57.898990  
512.000000	60.746421  
512.500000	63.644419  
513.000000	66.591270  
513.500000	69.573893  
514.000000	72.586199  
514.500000	75.635738  
515.000000	78.710890  
515.500000	81.799816  
516.000000	84.925899  
516.500000	88.065331  
517.000000	91.171544  
517.500000	94.227276  
518.000000	97.208338  
518.500000	100.094545 
519.000000	102.832231 
519.500000	105.395700 
520.000000	107.759221 
520.500000	109.866616 
521.000000	111.713348 
521.500000	113.294153 
522.000000	114.604512 
522.500000	115.641821 
523.000000	116.431129 
523.500000	116.972310 
524.000000	117.241789 
524.500000	117.222515 
525.000000	116.949911 
525.500000	116.445086 
526.000000	115.698012 
526.500000	114.709945 
527.000000	113.483101 
527.500000	111.999401 
528.000000	110.273838 
528.500000	108.320607 
529.000000	106.160172 
529.500000	103.818438 
530.000000	101.301907 
530.500000	98.610783  
531.000000	95.765192  
531.500000	92.734552  
532.000000	89.557563  
532.500000	86.251421  
533.000000	82.843380  
533.500000	79.333411  
534.000000	75.732687  
534.500000	72.072878  
535.000000	68.372829  
535.500000	64.660178  
536.000000	60.977364  
536.500000	57.378887  
537.000000	53.876818  
537.500000	50.483061  
538.000000	47.234967  
538.500000	44.122126  
539.000000	41.159737  
539.500000	38.343148  
540.000000	35.695073  
540.500000	33.194806  
541.000000	30.823152  
541.500000	28.592767  
542.000000	26.486796  
542.500000	24.496392  
543.000000	22.619994  
543.500000	20.868129  
544.000000	19.231658  
544.500000	17.696655  
545.000000	16.267767  
545.500000	14.943877  
546.000000	13.715500  
546.500000	12.581713  
547.000000	11.552010  
547.500000	10.616040  
548.000000	9.765567   
548.500000	9.009263   
549.000000	8.343638   
549.500000	7.760622   
550.000000	7.266187   
550.500000	6.850870   
551.000000	6.512386   
551.500000	6.242759   
552.000000	6.031691   
552.500000	5.879250   
553.000000	5.771964   
553.500000	5.707108   
554.000000	5.682069   
554.500000	5.693067   
555.000000	5.724789   
555.500000	5.781021   
556.000000	5.852373   
556.500000	5.930262   
557.000000	6.018978   
557.500000	6.108392   
558.000000	6.202193   
558.500000	6.292771   
559.000000	6.376782   
559.500000	6.456845   
560.000000	6.529001   
560.500000	6.594381   
561.000000	6.651235   
561.500000	6.709228   
562.000000	6.760238   
562.500000	6.815909   
563.000000	6.876529   
563.500000	6.941306   
564.000000	7.010259   
564.500000	7.080816   
565.000000	7.151681   
565.500000	7.221966   
566.000000	7.290094   
566.500000	7.358445   
567.000000	7.424789   
567.500000	7.485755   
568.000000	7.538015   
568.500000	7.581473   
569.000000	7.613124   
569.500000	7.644980   
570.000000	7.676270   
570.500000	7.707562   
571.000000	7.738323   
571.500000	7.772333   
572.000000	7.805267   
572.500000	7.835597   
573.000000	7.863987   
573.500000	7.899070   
574.000000	7.938472   
574.500000	7.977724   
575.000000	8.016855   
575.500000	8.050892   
576.000000	8.081804   
576.500000	8.109690   
577.000000	8.135571   
577.500000	8.157279   
578.000000	8.172768   
578.500000	8.186426   
579.000000	8.194255   
579.500000	8.198473   
580.000000	8.192963   
580.500000	8.189997   
581.000000	8.190972   
581.500000	8.188326   
582.000000	8.184359   
582.500000	8.176097   
583.000000	8.170326   
583.500000	8.161305   
584.000000	8.151978   
584.500000	8.140734   
585.000000	8.124834   
585.500000	8.106043   
586.000000	8.077680   
586.500000	8.044709   
587.000000	8.001503   
587.500000	7.952027   
588.000000	7.900789   
588.500000	7.845888   
589.000000	7.790286   
589.500000	7.731753   
590.000000	7.678046   
590.500000	7.625273   
591.000000	7.573304   
591.500000	7.526264   
592.000000	7.483469   
592.500000	7.445533   
593.000000	7.407850   
593.500000	7.376374   
594.000000	7.346288   
594.500000	7.310105   
595.000000	7.272910   
595.500000	7.229327   
596.000000	7.185231   
596.500000	7.135484   
597.000000	7.080007   
597.500000	7.023194   
598.000000	6.959855   
598.500000	6.892480   
599.000000	6.822548   
599.500000	6.751232   
600.000000	6.683130   
600.500000	6.621694   
601.000000	6.566215   
601.500000	6.511388   
602.000000	6.460570   
602.500000	6.411317   
603.000000	6.364831   
603.500000	6.318732   
604.000000	6.271295   
604.500000	6.227534   
605.000000	6.180685   
605.500000	6.126748   
606.000000	6.068399   
606.500000	6.001852   
607.000000	5.935103   
607.500000	5.868222   
608.000000	5.797735   
608.500000	5.722607   
609.000000	5.648547   
609.500000	5.577534   
610.000000	5.506929   
610.500000	5.437855   
611.000000	5.369792   
611.500000	5.306248   
612.000000	5.245143   
612.500000	5.180940   
613.000000	5.118277   
613.500000	5.052729   
614.000000	4.990874   
614.500000	4.932207   
615.000000	4.873356   
615.500000	4.812159   
616.000000	4.749466   
616.500000	4.689064   
617.000000	4.627983   
617.500000	4.565464   
618.000000	4.503120   
618.500000	4.443564   
619.000000	4.384797   
619.500000	4.326340   
620.000000	4.272318   
620.500000	4.215794   
621.000000	4.160740   
621.500000	4.109903   
622.000000	4.062470   
622.500000	4.013732   
623.000000	3.966080   
623.500000	3.919924   
624.000000	3.877108   
624.500000	3.835338   
625.000000	3.794434   
625.500000	3.752668   
626.000000	3.707131   
626.500000	3.663594   
627.000000	3.622623   
627.500000	3.577259   
628.000000	3.529476   
628.500000	3.482964   
629.000000	3.437992   
629.500000	3.392971   
630.000000	3.348921   
630.500000	3.304229   
631.000000	3.261483   
631.500000	3.221578   
632.000000	3.186575   
632.500000	3.152112   
633.000000	3.117934   
633.500000	3.088333   
634.000000	3.062933   
634.500000	3.037401   
635.000000	3.013172   
635.500000	2.989445   
636.000000	2.964739   
636.500000	2.939206   
637.000000	2.912922   
637.500000	2.882713   
638.000000	2.847572   
638.500000	2.810494   
639.000000	2.775119   
639.500000	2.734554   
640.000000	2.693740   
640.500000	2.656005   
641.000000	2.622354   
641.500000	2.592921   
642.000000	2.568358   
642.500000	2.545370   
643.000000	2.522554   
643.500000	2.502556   
644.000000	2.486706   
644.500000	2.471222   
645.000000	2.453294   
645.500000	2.432845   
646.000000	2.412798   
646.500000	2.387523   
647.000000	2.359556   
647.500000	2.329901   
648.000000	2.301058   
648.500000	2.275621   
649.000000	2.252474   
649.500000	2.231036   
650.000000	2.210404   
650.500000	2.191249   
651.000000	2.177308   
651.500000	2.165476   
652.000000	2.154012   
652.500000	2.139181   
653.000000	2.125370   
653.500000	2.110579   
654.000000	2.093922   
654.500000	2.073111   
655.000000	2.051692   
655.500000	2.035021   
656.000000	2.020253   
656.500000	2.009105   
657.000000	1.998396   
657.500000	1.989329   
658.000000	1.983631   
658.500000	1.980101   
659.000000	1.978718   
659.500000	1.973244   
660.000000	1.967293   
660.500000	1.962336   
661.000000	1.957741   
661.500000	1.948165   
662.000000	1.933782   
662.500000	1.919037   
663.000000	1.903369   
663.500000	1.889558   
664.000000	1.873241   
664.500000	1.857975   
665.000000	1.844624   
665.500000	1.833127   
666.000000	1.821170   
666.500000	1.806706   
667.000000	1.792095   
667.500000	1.778741   
668.000000	1.767262   
668.500000	1.756820   
669.000000	1.745903   
669.500000	1.734103   
670.000000	1.722516   
670.500000	1.713708   
671.000000	1.703955   
671.500000	1.697603   
672.000000	1.694984   
672.500000	1.697407   
673.000000	1.699419   
673.500000	1.701134   
674.000000	1.702750   
674.500000	1.703915   
675.000000	1.703092   
675.500000	1.702843   
676.000000	1.704397   
676.500000	1.703899   
677.000000	1.701513   
677.500000	1.695453   
678.000000	1.685862   
678.500000	1.676241   
679.000000	1.665873   
679.500000	1.656108   
680.000000	1.645068   
680.500000	1.635382   
681.000000	1.627834   
681.500000	1.619764   
682.000000	1.611887   
682.500000	1.605054   
683.000000	1.603179   
683.500000	1.604069   
684.000000	1.606434   
684.500000	1.608553   
685.000000	1.610583   
685.500000	1.616048   
686.000000	1.622009   
686.500000	1.626417   
687.000000	1.627102   
687.500000	1.627696   
688.000000	1.627552   
688.500000	1.623088   
689.000000	1.616322   
689.500000	1.606372   
690.000000	1.594627   
690.500000	1.579752   
691.000000	1.564489   
691.500000	1.549011   
692.000000	1.533545   
692.500000	1.522136   
693.000000	1.514019   
693.500000	1.508057   
694.000000	1.503531   
694.500000	1.503645   
695.000000	1.507561   
695.500000	1.513623   
696.000000	1.519622   
696.500000	1.528161   
697.000000	1.536763   
697.500000	1.542372   
698.000000	1.547564   
698.500000	1.552303   
699.000000	1.555018   
699.500000	1.556184   
700.000000	1.556928   
700.500000	1.557828   
701.000000	1.557900   
701.500000	1.559022   
702.000000	1.560407   
702.500000	1.565061   
703.000000	1.567561   
703.500000	1.572406   
704.000000	1.579073   
704.500000	1.586105   
705.000000	1.593407   
705.500000	1.599593   
706.000000	1.604364   
706.500000	1.609741   
707.000000	1.616743   
707.500000	1.624721   
708.000000	1.633651   
708.500000	1.645834   
709.000000	1.659512   
709.500000	1.676913   
710.000000	1.692010   
710.500000	1.708213   
711.000000	1.725101   
711.500000	1.744940   
712.000000	1.763618   
712.500000	1.780653   
713.000000	1.793621   
713.500000	1.804389   
714.000000	1.814985   
714.500000	1.824397   
715.000000	1.831167   
715.500000	1.836715   
716.000000	1.842532   
716.500000	1.849702   
717.000000	1.854685   
717.500000	1.861812   
718.000000	1.870368   
718.500000	1.883708   
719.000000	1.896202   
719.500000	1.909020   
720.000000	1.920648   
720.500000	1.933248   
721.000000	1.948965   
721.500000	1.964398   
722.000000	1.979658   
722.500000	1.994263   
723.000000	2.010381   
723.500000	2.026191   
724.000000	2.038336   
724.500000	2.051879   
725.000000	2.065179   
725.500000	2.078413   
726.000000	2.091270   
726.500000	2.106847   
727.000000	2.123519   
727.500000	2.140290   
728.000000	2.161773   
728.500000	2.183693   
729.000000	2.207685   
729.500000	2.232877   
730.000000	2.261779   
730.500000	2.291251   
731.000000	2.318738   
731.500000	2.346139   
732.000000	2.373105   
732.500000	2.395993   
733.000000	2.418278   
733.500000	2.442503   
734.000000	2.467864   
734.500000	2.491383   
735.000000	2.515806   
735.500000	2.538959   
736.000000	2.563539   
736.500000	2.591528   
737.000000	2.624056   
737.500000	2.657759   
738.000000	2.693188   
738.500000	2.730129   
739.000000	2.767758   
739.500000	2.799646   
740.000000	2.831545   
740.500000	2.864554   
741.000000	2.899450   
741.500000	2.931697   
742.000000	2.961428   
742.500000	2.988149   
743.000000	3.015110   
743.500000	3.044518   
744.000000	3.076327   
744.500000	3.111498   
745.000000	3.150778   
745.500000	3.191784   
746.000000	3.235358   
746.500000	3.278111   
747.000000	3.323705   
747.500000	3.371512   
748.000000	3.423330   
748.500000	3.473770   
749.000000	3.520288   
749.500000	3.562969   
750.000000	3.603740   
750.500000	3.642668   
751.000000	3.679508   
751.500000	3.717738   
752.000000	3.758092   
752.500000	3.799993   
753.000000	3.843364   
753.500000	3.885063   
754.000000	3.929938   
754.500000	3.977923   
755.000000	4.032022   
755.500000	4.089356   
756.000000	4.147550   
756.500000	4.206623   
757.000000	4.268891   
757.500000	4.328275   
758.000000	4.382710   
758.500000	4.437844   
759.000000	4.491094   
759.500000	4.542171   
760.000000	4.592190   
760.500000	4.637438   
761.000000	4.678543   
761.500000	4.715759   
762.000000	4.752212   
762.500000	4.789463   
763.000000	4.827446   
763.500000	4.863468   
764.000000	4.902483   
764.500000	4.938282   
765.000000	4.968466   
765.500000	4.999592   
766.000000	5.031452   
766.500000	5.064646   
767.000000	5.103345   
767.500000	5.141485   
768.000000	5.180964   
768.500000	5.222699   
769.000000	5.263682   
769.500000	5.306926   
770.000000	5.357727   
770.500000	5.412259   
771.000000	5.473739   
771.500000	5.538155   
772.000000	5.602902   
772.500000	5.674162   
773.000000	5.750652   
773.500000	5.829401   
774.000000	5.916177   
774.500000	6.006145   
775.000000	6.096811   
775.500000	6.192292   
776.000000	6.284161   
776.500000	6.374414   
777.000000	6.465312   
777.500000	6.555526   
778.000000	6.645834   
778.500000	6.731855   
779.000000	6.810089   
779.500000	6.885583   
780.000000	6.957458   
780.500000	7.020452   
781.000000	7.081401   
781.500000	7.140146   
782.000000	7.194339   
782.500000	7.247243   
783.000000	7.290592   
783.500000	7.326301   
784.000000	7.349077   
784.500000	7.361512   
785.000000	7.366980   
785.500000	7.366288   
786.000000	7.356753   
786.500000	7.341326   
787.000000	7.321710   
787.500000	7.290984   
788.000000	7.253645   
788.500000	7.216228   
789.000000	7.178851   
789.500000	7.138983   
790.000000	7.089909   
790.500000	7.036968   
791.000000	6.972675   
791.500000	6.896750   
792.000000	6.809834   
792.500000	6.716763   
793.000000	6.619092   
793.500000	6.512253   
794.000000	6.404009   
794.500000	6.288774   
795.000000	6.169125   
795.500000	6.047711   
796.000000	5.933075   
796.500000	5.823420   
797.000000	5.716726   
797.500000	5.615336   
798.000000	5.515029   
798.500000	5.415799   
799.000000	5.311597   
799.500000	5.206702   
800.000000	5.107052   
800.500000	5.006363   
801.000000	4.911095   
801.500000	4.818195   
802.000000	4.728420   
802.500000	4.637591   
803.000000	4.551845   
803.500000	4.470106   
804.000000	4.392013   
804.500000	4.315622   
805.000000	4.238982   
805.500000	4.162445   
806.000000	4.082940   
806.500000	3.999945   
807.000000	3.918677   
807.500000	3.836477   
808.000000	3.757790   
808.500000	3.683052   
809.000000	3.614456   
809.500000	3.547356   
810.000000	3.485802   
810.500000	3.426712   
811.000000	3.372424   
811.500000	3.321049   
812.000000	3.270690   
812.500000	3.220959   
813.000000	3.171807   
813.500000	3.121469   
814.000000	3.071040   
814.500000	3.018288   
815.000000	2.963804   
815.500000	2.909034   
816.000000	2.857888   
816.500000	2.808436   
817.000000	2.763574   
817.500000	2.720279   
818.000000	2.679924   
818.500000	2.641492   
819.000000	2.602665   
819.500000	2.562688   
820.000000	2.524306   
820.500000	2.487437   
821.000000	2.455445   
821.500000	2.423899   
822.000000	2.391381   
822.500000	2.358359   
823.000000	2.327522   
823.500000	2.298521   
824.000000	2.273669   
824.500000	2.252108   
825.000000	2.234570   
825.500000	2.219210   
826.000000	2.204527   
826.500000	2.187184   
827.000000	2.167699   
827.500000	2.147537   
828.000000	2.130626   
828.500000	2.113795   
829.000000	2.097088   
829.500000	2.079668   
830.000000	2.060967   
830.500000	2.041888   
831.000000	2.021505   
831.500000	2.000085   
832.000000	1.980960   
832.500000	1.963952   
833.000000	1.948844   
833.500000	1.931919   
834.000000	1.913194   
834.500000	1.893157   
835.000000	1.873355   
835.500000	1.852534   
836.000000	1.833699   
836.500000	1.817126   
837.000000	1.800051   
837.500000	1.783753   
838.000000	1.767280   
838.500000	1.749177   
839.000000	1.731464   
839.500000	1.715700   
840.000000	1.699655   
840.500000	1.682584   
841.000000	1.665409   
841.500000	1.647055   
842.000000	1.626465   
842.500000	1.602600   
843.000000	1.578738   
843.500000	1.557010   
844.000000	1.536852   
844.500000	1.519550   
845.000000	1.503900   
845.500000	1.485901   
846.000000	1.468019   
846.500000	1.453609   
847.000000	1.438582   
847.500000	1.423898   
848.000000	1.410627   
848.500000	1.398305   
849.000000	1.387073   
849.500000	1.375283   
850.000000	1.363340   
850.500000	1.353845   
851.000000	1.346933   
851.500000	1.342113   
852.000000	1.338620   
852.500000	1.333242   
853.000000	1.328587   
853.500000	1.325646   
854.000000	1.322237   
854.500000	1.318462   
855.000000	1.312793   
855.500000	1.305002   
856.000000	1.295673   
856.500000	1.285586   
857.000000	1.275347   
857.500000	1.266238   
858.000000	1.259514   
858.500000	1.252442   
859.000000	1.245677   
859.500000	1.236238   
860.000000	1.226146   
860.500000	1.214417   
861.000000	1.201064   
861.500000	1.186587   
862.000000	1.169608   
862.500000	1.150430   
863.000000	1.128862   
863.500000	1.105064   
864.000000	1.082690   
864.500000	1.061982   
865.000000	1.047506   
865.500000	1.036333   
866.000000	1.030087   
866.500000	1.025273   
867.000000	1.021954   
867.500000	1.019301   
868.000000	1.016667   
868.500000	1.011916   
869.000000	1.005161   
869.500000	0.997239   
870.000000	0.986780   
870.500000	0.971101   
871.000000	0.953478   
871.500000	0.932834   
872.000000	0.914696   
872.500000	0.897396   
873.000000	0.883147   
873.500000	0.870623   
874.000000	0.859863   
874.500000	0.852127   
875.000000	0.848735   
875.500000	0.846388   
876.000000	0.844025   
876.500000	0.843290   
877.000000	0.842352   
877.500000	0.839383   
878.000000	0.836656   
878.500000	0.830418   
879.000000	0.823618   
879.500000	0.815195   
880.000000	0.805251   
880.500000	0.793660   
881.000000	0.779357   
881.500000	0.763158   
882.000000	0.748235   
882.500000	0.734644   
883.000000	0.720777   
883.500000	0.707093   
884.000000	0.691962   
884.500000	0.676017   
885.000000	0.662344   
885.500000	0.648095   
886.000000	0.634694   
886.500000	0.622154   
887.000000	0.609571   
887.500000	0.597374   
888.000000	0.585131   
888.500000	0.571488   
889.000000	0.558156   
889.500000	0.547708   
890.000000	0.539061   
890.500000	0.531133   
891.000000	0.522574   
891.500000	0.514619   
892.000000	0.509305   
892.500000	0.504493   
893.000000	0.500074   
893.500000	0.496550   
894.000000	0.493657   
894.500000	0.491583   
895.000000	0.490846   
895.500000	0.489540   
896.000000	0.487884   
896.500000	0.487473   
897.000000	0.487527   
897.500000	0.485860   
898.000000	0.483347   
898.500000	0.480739   
899.000000	0.477881   
899.500000	0.474847   
900.000000	0.471000   

