#DATA
200.000000	0.582000   
200.500000	0.592210   
201.000000	0.601556   
201.500000	0.609509   
202.000000	0.616705   
202.500000	0.622420   
203.000000	0.627275   
203.500000	0.631727   
204.000000	0.634758   
204.500000	0.636371   
205.000000	0.636563   
205.500000	0.635551   
206.000000	0.634163   
206.500000	0.633103   
207.000000	0.632218   
207.500000	0.631462   
208.000000	0.630840   
208.500000	0.630244   
209.000000	0.630525   
209.500000	0.630626   
210.000000	0.630606   
210.500000	0.631411   
211.000000	0.632448   
211.500000	0.633320   
212.000000	0.633694   
212.500000	0.633301   
213.000000	0.633171   
213.500000	0.633245   
214.000000	0.632154   
214.500000	0.629722   
215.000000	0.626606   
215.500000	0.623567   
216.000000	0.621145   
216.500000	0.619473   
217.000000	0.617859   
217.500000	0.617139   
218.000000	0.617029   
218.500000	0.616540   
219.000000	0.615590   
219.500000	0.614218   
220.000000	0.613534   
220.500000	0.614202   
221.000000	0.614729   
221.500000	0.614250   
222.000000	0.612747   
222.500000	0.611304   
223.000000	0.609460   
223.500000	0.608225   
224.000000	0.607489   
224.500000	0.607670   
225.000000	0.608637   
225.500000	0.609640   
226.000000	0.610973   
226.500000	0.611763   
227.000000	0.612788   
227.500000	0.615044   
228.000000	0.616919   
228.500000	0.618381   
229.000000	0.618687   
229.500000	0.618643   
230.000000	0.617299   
230.500000	0.614844   
231.000000	0.612054   
231.500000	0.609303   
232.000000	0.606398   
232.500000	0.603980   
233.000000	0.602007   
233.500000	0.599747   
234.000000	0.598146   
234.500000	0.597901   
235.000000	0.598041   
235.500000	0.598893   
236.000000	0.599897   
236.500000	0.601931   
237.000000	0.604352   
237.500000	0.606148   
238.000000	0.607091   
238.500000	0.607434   
239.000000	0.607213   
239.500000	0.607235   
240.000000	0.607042   
240.500000	0.606216   
241.000000	0.605593   
241.500000	0.605332   
242.000000	0.604922   
242.500000	0.604376   
243.000000	0.603677   
243.500000	0.603214   
244.000000	0.603221   
244.500000	0.603597   
245.000000	0.602535   
245.500000	0.600863   
246.000000	0.599670   
246.500000	0.599086   
247.000000	0.598273   
247.500000	0.597201   
248.000000	0.596780   
248.500000	0.596647   
249.000000	0.596953   
249.500000	0.597910   
250.000000	0.599440   
250.500000	0.600713   
251.000000	0.601679   
251.500000	0.603022   
252.000000	0.603250   
252.500000	0.602639   
253.000000	0.602325   
253.500000	0.602372   
254.000000	0.602441   
254.500000	0.602359   
255.000000	0.603114   
255.500000	0.604176   
256.000000	0.605373   
256.500000	0.607516   
257.000000	0.610690   
257.500000	0.613723   
258.000000	0.616188   
258.500000	0.617917   
259.000000	0.618550   
259.500000	0.617732   
260.000000	0.616421   
260.500000	0.615204   
261.000000	0.613815   
261.500000	0.612225   
262.000000	0.611260   
262.500000	0.610535   
263.000000	0.609916   
263.500000	0.610757   
264.000000	0.612596   
264.500000	0.615407   
265.000000	0.619285   
265.500000	0.622340   
266.000000	0.624975   
266.500000	0.626323   
267.000000	0.627112   
267.500000	0.627598   
268.000000	0.628199   
268.500000	0.628808   
269.000000	0.629609   
269.500000	0.630423   
270.000000	0.631202   
270.500000	0.632625   
271.000000	0.634188   
271.500000	0.636457   
272.000000	0.639949   
272.500000	0.643525   
273.000000	0.646612   
273.500000	0.648395   
274.000000	0.649881   
274.500000	0.650519   
275.000000	0.651643   
275.500000	0.653083   
276.000000	0.654368   
276.500000	0.655396   
277.000000	0.655623   
277.500000	0.655645   
278.000000	0.655963   
278.500000	0.656645   
279.000000	0.657419   
279.500000	0.658535   
280.000000	0.659875   
280.500000	0.661233   
281.000000	0.662664   
281.500000	0.663348   
282.000000	0.663982   
282.500000	0.664728   
283.000000	0.665547   
283.500000	0.666935   
284.000000	0.668374   
284.500000	0.669957   
285.000000	0.671936   
285.500000	0.674401   
286.000000	0.676868   
286.500000	0.679480   
287.000000	0.681761   
287.500000	0.684422   
288.000000	0.687930   
288.500000	0.691670   
289.000000	0.695912   
289.500000	0.700156   
290.000000	0.703360   
290.500000	0.706237   
291.000000	0.709691   
291.500000	0.712965   
292.000000	0.716115   
292.500000	0.719565   
293.000000	0.723407   
293.500000	0.726940   
294.000000	0.729983   
294.500000	0.732911   
295.000000	0.736235   
295.500000	0.740298   
296.000000	0.744771   
296.500000	0.748893   
297.000000	0.751603   
297.500000	0.752687   
298.000000	0.753546   
298.500000	0.753524   
299.000000	0.753254   
299.500000	0.753568   
300.000000	0.755009   
300.500000	0.757293   
301.000000	0.759996   
301.500000	0.762385   
302.000000	0.765072   
302.500000	0.768989   
303.000000	0.774224   
303.500000	0.780301   
304.000000	0.786517   
304.500000	0.791979   
305.000000	0.797091   
305.500000	0.800506   
306.000000	0.803564   
306.500000	0.807327   
307.000000	0.811770   
307.500000	0.816944   
308.000000	0.822449   
308.500000	0.827865   
309.000000	0.833166   
309.500000	0.839836   
310.000000	0.847008   
310.500000	0.854079   
311.000000	0.861360   
311.500000	0.868803   
312.000000	0.876099   
312.500000	0.882224   
313.000000	0.887980   
313.500000	0.893706   
314.000000	0.898897   
314.500000	0.905054   
315.000000	0.911349   
315.500000	0.917960   
316.000000	0.924314   
316.500000	0.931874   
317.000000	0.939249   
317.500000	0.946851   
318.000000	0.954299   
318.500000	0.961844   
319.000000	0.969287   
319.500000	0.976002   
320.000000	0.983334   
320.500000	0.990883   
321.000000	0.997889   
321.500000	1.004606   
322.000000	1.010543   
322.500000	1.016824   
323.000000	1.023393   
323.500000	1.031561   
324.000000	1.040244   
324.500000	1.050563   
325.000000	1.062286   
325.500000	1.075732   
326.000000	1.089884   
326.500000	1.104397   
327.000000	1.120560   
327.500000	1.136156   
328.000000	1.151261   
328.500000	1.165361   
329.000000	1.177428   
329.500000	1.188645   
330.000000	1.199837   
330.500000	1.210546   
331.000000	1.220829   
331.500000	1.232639   
332.000000	1.246168   
332.500000	1.260942   
333.000000	1.277802   
333.500000	1.297377   
334.000000	1.319578   
334.500000	1.341747   
335.000000	1.365412   
335.500000	1.391352   
336.000000	1.419176   
336.500000	1.450753   
337.000000	1.489817   
337.500000	1.538839   
338.000000	1.599179   
338.500000	1.679528   
339.000000	1.789566   
339.500000	1.936161   
340.000000	2.131769   
340.500000	2.392977   
341.000000	2.738488   
341.500000	3.198693   
342.000000	3.803161   
342.500000	4.584485   
343.000000	5.583679   
343.500000	6.850491   
344.000000	8.454819   
344.500000	10.442213  
345.000000	12.877667  
345.500000	15.815794  
346.000000	19.336488  
346.500000	23.493326  
347.000000	28.395877  
347.500000	34.083568  
348.000000	40.605889  
348.500000	48.064556  
349.000000	56.518413  
349.500000	66.016189  
350.000000	76.596391  
350.500000	88.320321  
351.000000	101.286855 
351.500000	115.480894 
352.000000	130.863611 
352.500000	147.543923 
353.000000	165.528849 
353.500000	184.775603 
354.000000	205.265676 
354.500000	226.884613 
355.000000	249.477553 
355.500000	273.014549 
356.000000	297.397113 
356.500000	322.454969 
357.000000	348.017932 
357.500000	373.956925 
358.000000	400.175196 
358.500000	426.434183 
359.000000	452.449169 
359.500000	478.166484 
360.000000	503.447228 
360.500000	528.161066 
361.000000	552.208807 
361.500000	575.406941 
362.000000	597.526082 
362.500000	618.515253 
363.000000	638.264642 
363.500000	656.639611 
364.000000	673.595388 
364.500000	689.085953 
365.000000	703.139760 
365.500000	715.625765 
366.000000	726.352804 
366.500000	735.374887 
367.000000	742.712405 
367.500000	748.418750 
368.000000	752.478888 
368.500000	754.878150 
369.000000	755.625961 
369.500000	754.758361 
370.000000	752.257943 
370.500000	748.037479 
371.000000	742.153784 
371.500000	734.591957 
372.000000	725.412963 
372.500000	714.565748 
373.000000	701.968719 
373.500000	687.636071 
374.000000	671.581641 
374.500000	653.858225 
375.000000	634.445555 
375.500000	613.407608 
376.000000	590.920332 
376.500000	567.174178 
377.000000	542.311329 
377.500000	516.474362 
378.000000	489.928213 
378.500000	462.859657 
379.000000	435.530227 
379.500000	408.137895 
380.000000	380.824509 
380.500000	353.797942 
381.000000	327.239334 
381.500000	301.327125 
382.000000	276.105853 
382.500000	251.660473 
383.000000	228.131299 
383.500000	205.652790 
384.000000	184.327644 
384.500000	164.255879 
385.000000	145.544365 
385.500000	128.269775 
386.000000	112.487000 
386.500000	98.239975  
387.000000	85.549814  
387.500000	74.438812  
388.000000	64.887945  
388.500000	56.857533  
389.000000	50.260794  
389.500000	45.011634  
390.000000	40.991143  
390.500000	38.101313  
391.000000	36.207331  
391.500000	35.207985  
392.000000	34.997023  
392.500000	35.484972  
393.000000	36.580656  
393.500000	38.182564  
394.000000	40.220801  
394.500000	42.618504  
395.000000	45.328078  
395.500000	48.294685  
396.000000	51.503291  
396.500000	54.917572  
397.000000	58.524235  
397.500000	62.300435  
398.000000	66.246983  
398.500000	70.370852  
399.000000	74.668811  
399.500000	79.150955  
400.000000	83.826943  
400.500000	88.690496  
401.000000	93.745512  
401.500000	98.991849  
402.000000	104.430337 
402.500000	110.043043 
403.000000	115.839763 
403.500000	121.809859 
404.000000	127.972205 
404.500000	134.329212 
405.000000	140.893892 
405.500000	147.648279 
406.000000	154.612128 
406.500000	161.781849 
407.000000	169.176250 
407.500000	176.785680 
408.000000	184.612032 
408.500000	192.647432 
409.000000	200.892388 
409.500000	209.321212 
410.000000	217.924118 
410.500000	226.645131 
411.000000	235.457738 
411.500000	244.352184 
412.000000	253.304993 
412.500000	262.284113 
413.000000	271.291426 
413.500000	280.311174 
414.000000	289.326944 
414.500000	298.310851 
415.000000	307.262961 
415.500000	316.203528 
416.000000	325.126379 
416.500000	334.015654 
417.000000	342.885016 
417.500000	351.692505 
418.000000	360.395621 
418.500000	368.987340 
419.000000	377.425284 
419.500000	385.691822 
420.000000	393.806058 
420.500000	401.765805 
421.000000	409.586270 
421.500000	417.232096 
422.000000	424.691758 
422.500000	432.014518 
423.000000	439.204576 
423.500000	446.260505 
424.000000	453.194166 
424.500000	459.982541 
425.000000	466.580218 
425.500000	473.007028 
426.000000	479.211182 
426.500000	485.158687 
427.000000	490.853313 
427.500000	496.285375 
428.000000	501.459102 
428.500000	506.350046 
429.000000	510.950848 
429.500000	515.307870 
430.000000	519.410477 
430.500000	523.287516 
431.000000	526.963221 
431.500000	530.441070 
432.000000	533.689743 
432.500000	536.793705 
433.000000	539.736128 
433.500000	542.497200 
434.000000	545.081853 
434.500000	547.458427 
435.000000	549.620133 
435.500000	551.567768 
436.000000	553.323593 
436.500000	554.855098 
437.000000	556.128570 
437.500000	557.167835 
438.000000	557.989385 
438.500000	558.576959 
439.000000	558.887821 
439.500000	559.007506 
440.000000	558.931724 
440.500000	558.665377 
441.000000	558.231746 
441.500000	557.620830 
442.000000	556.820381 
442.500000	555.862496 
443.000000	554.785693 
443.500000	553.573707 
444.000000	552.222148 
444.500000	550.734028 
445.000000	549.144154 
445.500000	547.427130 
446.000000	545.567801 
446.500000	543.603691 
447.000000	541.521996 
447.500000	539.342932 
448.000000	537.074277 
448.500000	534.714632 
449.000000	532.245110 
449.500000	529.692141 
450.000000	527.066167 
450.500000	524.323262 
451.000000	521.487038 
451.500000	518.582788 
452.000000	515.650610 
452.500000	512.673941 
453.000000	509.638463 
453.500000	506.507711 
454.000000	503.286444 
454.500000	499.981197 
455.000000	496.586309 
455.500000	493.128078 
456.000000	489.599567 
456.500000	485.989776 
457.000000	482.312174 
457.500000	478.538206 
458.000000	474.672669 
458.500000	470.748864 
459.000000	466.804905 
459.500000	462.873206 
460.000000	458.922981 
460.500000	454.934121 
461.000000	450.910206 
461.500000	446.868145 
462.000000	442.808389 
462.500000	438.747442 
463.000000	434.679939 
463.500000	430.551159 
464.000000	426.415268 
464.500000	422.247945 
465.000000	418.015499 
465.500000	413.724959 
466.000000	409.426230 
466.500000	405.140249 
467.000000	400.838563 
467.500000	396.546275 
468.000000	392.246790 
468.500000	387.971652 
469.000000	383.720006 
469.500000	379.476883 
470.000000	375.251489 
470.500000	370.989963 
471.000000	366.732025 
471.500000	362.488605 
472.000000	358.242942 
472.500000	353.949312 
473.000000	349.666197 
473.500000	345.380333 
474.000000	341.065600 
474.500000	336.782774 
475.000000	332.513440 
475.500000	328.273257 
476.000000	324.070293 
476.500000	319.888807 
477.000000	315.707315 
477.500000	311.504381 
478.000000	307.315765 
478.500000	303.151829 
479.000000	299.008637 
479.500000	294.842169 
480.000000	290.699370 
480.500000	286.567206 
481.000000	282.436745 
481.500000	278.366960 
482.000000	274.363817 
482.500000	270.415301 
483.000000	266.535372 
483.500000	262.728535 
484.000000	258.959997 
484.500000	255.216549 
485.000000	251.516846 
485.500000	247.863592 
486.000000	244.238498 
486.500000	240.630970 
487.000000	237.041201 
487.500000	233.488251 
488.000000	229.975776 
488.500000	226.526058 
489.000000	223.145173 
489.500000	219.791536 
490.000000	216.471783 
490.500000	213.222618 
491.000000	210.015631 
491.500000	206.835442 
492.000000	203.719817 
492.500000	200.661005 
493.000000	197.638972 
493.500000	194.661413 
494.000000	191.714610 
494.500000	188.820843 
495.000000	185.999793 
495.500000	183.272799 
496.000000	180.632241 
496.500000	178.047001 
497.000000	175.504425 
497.500000	173.022624 
498.000000	170.599454 
498.500000	168.209076 
499.000000	165.872920 
499.500000	163.568192 
500.000000	161.287741 
500.500000	159.041503 
501.000000	156.811394 
501.500000	154.608471 
502.000000	152.454705 
502.500000	150.364055 
503.000000	148.346604 
503.500000	146.396286 
504.000000	144.487205 
504.500000	142.630481 
505.000000	140.833884 
505.500000	139.090281 
506.000000	137.412934 
506.500000	135.772925 
507.000000	134.170231 
507.500000	132.611712 
508.000000	131.081855 
508.500000	129.585952 
509.000000	128.131373 
509.500000	126.706646 
510.000000	125.316489 
510.500000	123.956738 
511.000000	122.602439 
511.500000	121.247944 
512.000000	119.903060 
512.500000	118.569813 
513.000000	117.248296 
513.500000	115.930275 
514.000000	114.624891 
514.500000	113.333331 
515.000000	112.053108 
515.500000	110.796980 
516.000000	109.578972 
516.500000	108.396604 
517.000000	107.237284 
517.500000	106.101078 
518.000000	104.974129 
518.500000	103.857460 
519.000000	102.753461 
519.500000	101.660554 
520.000000	100.573788 
520.500000	99.480885  
521.000000	98.393176  
521.500000	97.304085  
522.000000	96.212615  
522.500000	95.134198  
523.000000	94.074007  
523.500000	93.042985  
524.000000	92.031732  
524.500000	91.028372  
525.000000	90.034834  
525.500000	89.061324  
526.000000	88.117382  
526.500000	87.195810  
527.000000	86.295737  
527.500000	85.408074  
528.000000	84.535579  
528.500000	83.665041  
529.000000	82.790740  
529.500000	81.925220  
530.000000	81.065232  
530.500000	80.208760  
531.000000	79.358641  
531.500000	78.499454  
532.000000	77.624271  
532.500000	76.748904  
533.000000	75.880566  
533.500000	75.016246  
534.000000	74.168478  
534.500000	73.335637  
535.000000	72.514405  
535.500000	71.705566  
536.000000	70.909234  
536.500000	70.122529  
537.000000	69.356118  
537.500000	68.602605  
538.000000	67.861967  
538.500000	67.127862  
539.000000	66.384050  
539.500000	65.637377  
540.000000	64.894301  
540.500000	64.151433  
541.000000	63.415257  
541.500000	62.678449  
542.000000	61.935597  
542.500000	61.190966  
543.000000	60.448794  
543.500000	59.703227  
544.000000	58.963511  
544.500000	58.232615  
545.000000	57.511781  
545.500000	56.800859  
546.000000	56.090754  
546.500000	55.388176  
547.000000	54.697223  
547.500000	54.023061  
548.000000	53.365886  
548.500000	52.716529  
549.000000	52.070863  
549.500000	51.433634  
550.000000	50.808319  
550.500000	50.192498  
551.000000	49.588277  
551.500000	49.000969  
552.000000	48.423873  
552.500000	47.854661  
553.000000	47.284844  
553.500000	46.721735  
554.000000	46.171214  
554.500000	45.638899  
555.000000	45.118541  
555.500000	44.604189  
556.000000	44.092340  
556.500000	43.583963  
557.000000	43.081799  
557.500000	42.586161  
558.000000	42.100068  
558.500000	41.623338  
559.000000	41.160177  
559.500000	40.709258  
560.000000	40.262393  
560.500000	39.822026  
561.000000	39.390986  
561.500000	38.972014  
562.000000	38.557724  
562.500000	38.145937  
563.000000	37.730082  
563.500000	37.311036  
564.000000	36.889697  
564.500000	36.465751  
565.000000	36.047349  
565.500000	35.628873  
566.000000	35.220525  
566.500000	34.824888  
567.000000	34.440063  
567.500000	34.060368  
568.000000	33.690811  
568.500000	33.332472  
569.000000	32.981408  
569.500000	32.640765  
570.000000	32.302611  
570.500000	31.963482  
571.000000	31.623380  
571.500000	31.278976  
572.000000	30.936623  
572.500000	30.588247  
573.000000	30.241752  
573.500000	29.899406  
574.000000	29.563505  
574.500000	29.228991  
575.000000	28.898586  
575.500000	28.574253  
576.000000	28.248470  
576.500000	27.926684  
577.000000	27.612339  
577.500000	27.302385  
578.000000	26.997444  
578.500000	26.693717  
579.000000	26.398120  
579.500000	26.110518  
580.000000	25.830650  
580.500000	25.557044  
581.000000	25.293304  
581.500000	25.032464  
582.000000	24.777597  
582.500000	24.527344  
583.000000	24.272072  
583.500000	24.014554  
584.000000	23.760493  
584.500000	23.505560  
585.000000	23.251467  
585.500000	22.992722  
586.000000	22.732611  
586.500000	22.474053  
587.000000	22.224032  
587.500000	21.976430  
588.000000	21.732863  
588.500000	21.488267  
589.000000	21.246013  
589.500000	21.009371  
590.000000	20.773128  
590.500000	20.536918  
591.000000	20.303926  
591.500000	20.073564  
592.000000	19.845394  
592.500000	19.612528  
593.000000	19.377707  
593.500000	19.140638  
594.000000	18.915701  
594.500000	18.694547  
595.000000	18.479462  
595.500000	18.265455  
596.000000	18.052443  
596.500000	17.840950  
597.000000	17.632298  
597.500000	17.426640  
598.000000	17.222550  
598.500000	17.021992  
599.000000	16.826461  
599.500000	16.630245  
600.000000	16.431572  
600.500000	16.230532  
601.000000	16.038796  
601.500000	15.853743  
602.000000	15.672494  
602.500000	15.494420  
603.000000	15.317723  
603.500000	15.139670  
604.000000	14.965890  
604.500000	14.791933  
605.000000	14.617272  
605.500000	14.443872  
606.000000	14.273926  
606.500000	14.103019  
607.000000	13.930142  
607.500000	13.756194  
608.000000	13.586276  
608.500000	13.420360  
609.000000	13.258946  
609.500000	13.102353  
610.000000	12.950895  
610.500000	12.800177  
611.000000	12.653689  
611.500000	12.505935  
612.000000	12.357253  
612.500000	12.205645  
613.000000	12.053243  
613.500000	11.897965  
614.000000	11.740488  
614.500000	11.580013  
615.000000	11.416291  
615.500000	11.249386  
616.000000	11.084937  
616.500000	10.923119  
617.000000	10.766962  
617.500000	10.618827  
618.000000	10.482535  
618.500000	10.352412  
619.000000	10.227517  
619.500000	10.105161  
620.000000	9.988372   
620.500000	9.876044   
621.000000	9.770824   
621.500000	9.669759   
622.000000	9.569424   
622.500000	9.463065   
623.000000	9.353292   
623.500000	9.238168   
624.000000	9.119047   
624.500000	8.999278   
625.000000	8.879934   
625.500000	8.760007   
626.000000	8.639344   
626.500000	8.516118   
627.000000	8.391811   
627.500000	8.270251   
628.000000	8.155189   
628.500000	8.048867   
629.000000	7.948473   
629.500000	7.850943   
630.000000	7.755302   
630.500000	7.662353   
631.000000	7.571976   
631.500000	7.484735   
632.000000	7.401674   
632.500000	7.322579   
633.000000	7.243382   
633.500000	7.164465   
634.000000	7.082973   
634.500000	7.002081   
635.000000	6.922790   
635.500000	6.847047   
636.000000	6.773994   
636.500000	6.701920   
637.000000	6.628380   
637.500000	6.554450   
638.000000	6.481006   
638.500000	6.408828   
639.000000	6.337173   
639.500000	6.265481   
640.000000	6.192016   
640.500000	6.118879   
641.000000	6.045313   
641.500000	5.972472   
642.000000	5.901008   
642.500000	5.832136   
643.000000	5.765165   
643.500000	5.701360   
644.000000	5.638634   
644.500000	5.576919   
645.000000	5.515354   
645.500000	5.456930   
646.000000	5.401961   
646.500000	5.347346   
647.000000	5.291000   
647.500000	5.233503   
648.000000	5.177317   
648.500000	5.120913   
649.000000	5.065630   
649.500000	5.011910   
650.000000	4.956871   
650.500000	4.903462   
651.000000	4.852599   
651.500000	4.802339   
652.000000	4.751146   
652.500000	4.701836   
653.000000	4.656794   
653.500000	4.612255   
654.000000	4.567964   
654.500000	4.522878   
655.000000	4.478757   
655.500000	4.433210   
656.000000	4.388054   
656.500000	4.342808   
657.000000	4.295281   
657.500000	4.246217   
658.000000	4.196351   
658.500000	4.147811   
659.000000	4.098386   
659.500000	4.048463   
660.000000	4.001410   
660.500000	3.956783   
661.000000	3.915204   
661.500000	3.875759   
662.000000	3.838529   
662.500000	3.801589   
663.000000	3.766864   
663.500000	3.735052   
664.000000	3.705553   
664.500000	3.676134   
665.000000	3.645391   
665.500000	3.615614   
666.000000	3.585709   
666.500000	3.553019   
667.000000	3.518593   
667.500000	3.482458   
668.000000	3.445178   
668.500000	3.407124   
669.000000	3.369361   
669.500000	3.330546   
670.000000	3.290264   
670.500000	3.250415   
671.000000	3.212500   
671.500000	3.175718   
672.000000	3.139388   
672.500000	3.105780   
673.000000	3.073952   
673.500000	3.042905   
674.000000	3.013326   
674.500000	2.983203   
675.000000	2.953114   
675.500000	2.923513   
676.000000	2.895575   
676.500000	2.869582   
677.000000	2.842846   
677.500000	2.816815   
678.000000	2.790975   
678.500000	2.765246   
679.000000	2.739865   
679.500000	2.716537   
680.000000	2.695208   
680.500000	2.675414   
681.000000	2.658052   
681.500000	2.640427   
682.000000	2.622091   
682.500000	2.602898   
683.000000	2.583487   
683.500000	2.564846   
684.000000	2.545009   
684.500000	2.525397   
685.000000	2.504372   
685.500000	2.482910   
686.000000	2.459830   
686.500000	2.437386   
687.000000	2.417312   
687.500000	2.399740   
688.000000	2.385362   
688.500000	2.373764   
689.000000	2.366328   
689.500000	2.363441   
690.000000	2.363927   
690.500000	2.368475   
691.000000	2.375962   
691.500000	2.386879   
692.000000	2.399580   
692.500000	2.415508   
693.000000	2.432668   
693.500000	2.451646   
694.000000	2.476872   
694.500000	2.509107   
695.000000	2.547528   
695.500000	2.593335   
696.000000	2.650433   
696.500000	2.720857   
697.000000	2.805644   
697.500000	2.908946   
698.000000	3.029340   
698.500000	3.167809   
699.000000	3.327136   
699.500000	3.509173   
700.000000	3.713469   
700.500000	3.941955   
701.000000	4.202083   
701.500000	4.498027   
702.000000	4.832906   
702.500000	5.209663   
703.000000	5.635384   
703.500000	6.118900   
704.000000	6.669221   
704.500000	7.291456   
705.000000	7.985998   
705.500000	8.764810   
706.000000	9.635578   
706.500000	10.603356  
707.000000	11.673122  
707.500000	12.851409  
708.000000	14.151021  
708.500000	15.578770  
709.000000	17.145915  
709.500000	18.859263  
710.000000	20.730278  
710.500000	22.768519  
711.000000	24.992013  
711.500000	27.415699  
712.000000	30.031921  
712.500000	32.856966  
713.000000	35.896837  
713.500000	39.138065  
714.000000	42.583684  
714.500000	46.253668  
715.000000	50.153433  
715.500000	54.292743  
716.000000	58.677465  
716.500000	63.304440  
717.000000	68.187351  
717.500000	73.311191  
718.000000	78.697029  
718.500000	84.348969  
719.000000	90.246422  
719.500000	96.351329  
720.000000	102.660123 
720.500000	109.120152 
721.000000	115.706039 
721.500000	122.399588 
722.000000	129.145883 
722.500000	135.958067 
723.000000	142.829370 
723.500000	149.725770 
724.000000	156.675582 
724.500000	163.624290 
725.000000	170.558928 
725.500000	177.462583 
726.000000	184.324690 
726.500000	191.081373 
727.000000	197.716545 
727.500000	204.185785 
728.000000	210.490799 
728.500000	216.584454 
729.000000	222.364271 
729.500000	227.845508 
730.000000	233.012740 
730.500000	237.827399 
731.000000	242.312226 
731.500000	246.433096 
732.000000	250.203874 
732.500000	253.593875 
733.000000	256.607324 
733.500000	259.212419 
734.000000	261.405316 
734.500000	263.175449 
735.000000	264.584339 
735.500000	265.657261 
736.000000	266.342211 
736.500000	266.661394 
737.000000	266.613905 
737.500000	266.190285 
738.000000	265.431013 
738.500000	264.351411 
739.000000	262.979831 
739.500000	261.272007 
740.000000	259.229074 
740.500000	256.834051 
741.000000	254.084800 
741.500000	250.940078 
742.000000	247.417048 
742.500000	243.568206 
743.000000	239.392603 
743.500000	234.915739 
744.000000	230.134315 
744.500000	225.044031 
745.000000	219.663190 
745.500000	214.029951 
746.000000	208.198462 
746.500000	202.155855 
747.000000	195.927862 
747.500000	189.519066 
748.000000	182.968958 
748.500000	176.259660 
749.000000	169.401578 
749.500000	162.441962 
750.000000	155.406723 
750.500000	148.332030 
751.000000	141.245123 
751.500000	134.132145 
752.000000	127.028336 
752.500000	119.969308 
753.000000	113.003498 
753.500000	106.144828 
754.000000	99.431492  
754.500000	92.874338  
755.000000	86.512445  
755.500000	80.338354  
756.000000	74.385390  
756.500000	68.669115  
757.000000	63.186251  
757.500000	57.957020  
758.000000	53.012281  
758.500000	48.338262  
759.000000	43.939946  
759.500000	39.801557  
760.000000	35.930576  
760.500000	32.328975  
761.000000	28.990874  
761.500000	25.908418  
762.000000	23.079337  
762.500000	20.473249  
763.000000	18.099493  
763.500000	15.947467  
764.000000	13.998175  
764.500000	12.241273  
765.000000	10.681377  
765.500000	9.299198   
766.000000	8.093734   
766.500000	7.042497   
767.000000	6.136236   
767.500000	5.365119   
768.000000	4.718273   
768.500000	4.180824   
769.000000	3.748006   
769.500000	3.397756   
770.000000	3.117165   
770.500000	2.899590   
771.000000	2.731039   
771.500000	2.605640   
772.000000	2.518688   
772.500000	2.462449   
773.000000	2.430122   
773.500000	2.417700   
774.000000	2.420540   
774.500000	2.437370   
775.000000	2.464869   
775.500000	2.501638   
776.000000	2.547015   
776.500000	2.597906   
777.000000	2.651089   
777.500000	2.707071   
778.000000	2.764281   
778.500000	2.823947   
779.000000	2.885721   
779.500000	2.948480   
780.000000	3.011114   
780.500000	3.076377   
781.000000	3.143560   
781.500000	3.214083   
782.000000	3.287815   
782.500000	3.364703   
783.000000	3.443674   
783.500000	3.527836   
784.000000	3.614585   
784.500000	3.705313   
785.000000	3.797370   
785.500000	3.891955   
786.000000	3.989682   
786.500000	4.088782   
787.000000	4.187697   
787.500000	4.289841   
788.000000	4.395466   
788.500000	4.504819   
789.000000	4.617856   
789.500000	4.735922   
790.000000	4.855999   
790.500000	4.982204   
791.000000	5.114288   
791.500000	5.251994   
792.000000	5.391209   
792.500000	5.532829   
793.000000	5.678164   
793.500000	5.826172   
794.000000	5.974794   
794.500000	6.126742   
795.000000	6.283579   
795.500000	6.443504   
796.000000	6.607764   
796.500000	6.775289   
797.000000	6.944449   
797.500000	7.119419   
798.000000	7.300329   
798.500000	7.487680   
799.000000	7.678082   
799.500000	7.871461   
800.000000	8.070310   
800.500000	8.271864   
801.000000	8.475653   
801.500000	8.683578   
802.000000	8.895561   
802.500000	9.111786   
803.000000	9.335524   
803.500000	9.562089   
804.000000	9.792376   
804.500000	10.027291  
805.000000	10.267494  
805.500000	10.512904  
806.000000	10.762379  
806.500000	11.016768  
807.000000	11.279208  
807.500000	11.544349  
808.000000	11.812175  
808.500000	12.079056  
809.000000	12.345246  
809.500000	12.616435  
810.000000	12.892440  
810.500000	13.169356  
811.000000	13.446297  
811.500000	13.721725  
812.000000	13.995388  
812.500000	14.265747  
813.000000	14.532337  
813.500000	14.799899  
814.000000	15.071958  
814.500000	15.347462  
815.000000	15.625553  
815.500000	15.906009  
816.000000	16.184695  
816.500000	16.470600  
817.000000	16.762810  
817.500000	17.057989  
818.000000	17.357826  
818.500000	17.660172  
819.000000	17.967092  
819.500000	18.275646  
820.000000	18.580910  
820.500000	18.892552  
821.000000	19.207794  
821.500000	19.527420  
822.000000	19.847391  
822.500000	20.168585  
823.000000	20.481536  
823.500000	20.795521  
824.000000	21.108748  
824.500000	21.418316  
825.000000	21.721951  
825.500000	22.021445  
826.000000	22.319054  
826.500000	22.612085  
827.000000	22.895662  
827.500000	23.181580  
828.000000	23.464882  
828.500000	23.746282  
829.000000	24.021249  
829.500000	24.298376  
830.000000	24.567316  
830.500000	24.831265  
831.000000	25.092177  
831.500000	25.349311  
832.000000	25.596376  
832.500000	25.838970  
833.000000	26.079290  
833.500000	26.316327  
834.000000	26.547495  
834.500000	26.782647  
835.000000	27.022131  
835.500000	27.261103  
836.000000	27.495404  
836.500000	27.733636  
837.000000	27.971119  
837.500000	28.208146  
838.000000	28.441331  
838.500000	28.671015  
839.000000	28.887815  
839.500000	29.098074  
840.000000	29.299944  
840.500000	29.495090  
841.000000	29.682537  
841.500000	29.865292  
842.000000	30.046634  
842.500000	30.220142  
843.000000	30.378653  
843.500000	30.530673  
844.000000	30.679312  
844.500000	30.827279  
845.000000	30.976089  
845.500000	31.121461  
846.000000	31.260382  
846.500000	31.397167  
847.000000	31.528583  
847.500000	31.658464  
848.000000	31.784612  
848.500000	31.910174  
849.000000	32.033450  
849.500000	32.154185  
850.000000	32.264936  
850.500000	32.365027  
851.000000	32.453068  
851.500000	32.535485  
852.000000	32.613255  
852.500000	32.679406  
853.000000	32.736993  
853.500000	32.789296  
854.000000	32.834304  
854.500000	32.871956  
855.000000	32.902752  
855.500000	32.932351  
856.000000	32.957014  
856.500000	32.980115  
857.000000	33.000411  
857.500000	33.018186  
858.000000	33.033891  
858.500000	33.047360  
859.000000	33.054893  
859.500000	33.055419  
860.000000	33.047473  
860.500000	33.036650  
861.000000	33.023510  
861.500000	33.001969  
862.000000	32.971416  
862.500000	32.935298  
863.000000	32.892815  
863.500000	32.849131  
864.000000	32.806606  
864.500000	32.760909  
865.000000	32.715134  
865.500000	32.671703  
866.000000	32.624512  
866.500000	32.578345  
867.000000	32.526236  
867.500000	32.470098  
868.000000	32.415578  
868.500000	32.354045  
869.000000	32.281769  
869.500000	32.197744  
870.000000	32.103811  
870.500000	32.002533  
871.000000	31.897963  
871.500000	31.788259  
872.000000	31.671826  
872.500000	31.549887  
873.000000	31.421993  
873.500000	31.295077  
874.000000	31.168281  
874.500000	31.041792  
875.000000	30.922886  
875.500000	30.806638  
876.000000	30.691376  
876.500000	30.569405  
877.000000	30.443012  
877.500000	30.309168  
878.000000	30.170958  
878.500000	30.029257  
879.000000	29.875507  
879.500000	29.712581  
880.000000	29.541201  
880.500000	29.363270  
881.000000	29.184353  
881.500000	29.001711  
882.000000	28.821286  
882.500000	28.642918  
883.000000	28.466228  
883.500000	28.285019  
884.000000	28.111245  
884.500000	27.938103  
885.000000	27.760394  
885.500000	27.581005  
886.000000	27.393200  
886.500000	27.200085  
887.000000	26.999653  
887.500000	26.798902  
888.000000	26.597226  
888.500000	26.395519  
889.000000	26.197009  
889.500000	26.000959  
890.000000	25.806029  
890.500000	25.607384  
891.000000	25.418870  
891.500000	25.239630  
892.000000	25.064371  
892.500000	24.891490  
893.000000	24.711634  
893.500000	24.529441  
894.000000	24.342483  
894.500000	24.158170  
895.000000	23.975725  
895.500000	23.795463  
896.000000	23.623474  
896.500000	23.460245  
897.000000	23.301708  
897.500000	23.144894  
898.000000	22.993514  
898.500000	22.852722  
899.000000	22.719106  
899.500000	22.590018  
900.000000	22.463000  

